1
1
1
1
1
1
1
1
1
1
1
1
1
1
1
1
1
1
1
1
1
1
1
1
1
1
1
1
1
1
1
1
1
1
1
1
1
1
1
1
1
1
1
1
1
1
1
1
1
1
1
1
1
1
1
1
1
1
1
1
1
1
1
1
1
1
1
1
1
1
1
1
1
1
1
1
1
1
1
1
1
1
1
1
1
1
1
1
1
1
1
1
1
1
1
1
1
1
1
1
1
1
1
1
1
1
1
1
1
1
1
1
1
1
1
1
1
1
1
1
1
1
1
1
1
1
1
1
1
1
1
1
1
1
1
1
1
1
1
1
1
1
1
1
1
1
1
1
1
1
1
1
1
1
1
1
1
1
1
1
1
1
1
1
1
1
1
1
1
1
1
1
1
1
1
1
1
1
1
1
1
1
1
1
1
1
1
1
1
1
1
1
1
1
1
1
1
1
1
1
1
1
1
1
1
1
1
1
19050
40826
58274
0
58275
58276
37397
19052
40827
19053
40828
1
19474
32178
32179
19055
19056
40829
58277
0
58278
58279
15573
24802
37398
37399
37400
1
58280
58281
40830
40831
40832
40833
40834
58282
15574
49105
40835
1
19058
19060
37401
58283
19061
19062
19063
40836
40837
24803
58284
40838
40839
58285
24804
58286
1
19066
19067
40840
58287
0
58288
58289
37901
37902
37903
58290
58291
40841
40842
40843
40844
58292
37904
58293
19069
1
19070
40845
19071
40846
40847
19073
19074
1
19075
19078
19079
40848
19076
40849
58294
0
58295
58296
30739
1
19080
40850
30740
58297
40851
40852
58298
30741
58299
19081
40853
1
19083
19084
63398
15351
19087
19088
40854
40855
19085
40856
58300
0
58301
58302
21352
1
19091
19092
40857
58303
0
58304
58305
35840
21353
58306
40858
40859
58307
1
21354
58308
19094
19095
40860
1
35841
58309
40861
40862
58310
40863
49106
1
63400
19096
19097
63401
15352
19495
58939
35842
58311
63402
19098
40864
1
19099
40865
15353
19101
19102
40866
58312
0
58313
58314
37014
1
37015
37016
58315
58316
40867
40868
40869
40870
58317
37017
58318
2192
58940
58941
58942
1
19106
19107
19108
40871
19109
40872
1
19111
19112
40873
58319
0
58320
58321
24231
24232
58322
40874
40875
58323
24233
58324
13611
1
19114
19115
40876
1
19116
40877
13680
13681
58943
15575
15576
49107
58944
15354
15355
15356
19118
19119
40878
58325
0
58326
58327
1
30863
30864
30865
58328
58329
40879
40880
40881
40882
58330
30866
58331
1
19123
19124
13711
15357
15358
58945
19125
40883
1
19126
19128
40884
40885
19130
40886
1
19132
19133
1
13761
13762
58946
63405
19138
19134
40887
49108
19136
40888
49109
1
19139
40889
58332
0
58333
58334
41953
41954
41955
41956
41957
58335
58336
40890
40891
63408
40892
40893
58337
58338
1
41958
63410
58339
63411
15359
1
19141
19144
40894
19146
19147
40895
1
1
17663
23833
17665
23834
17667
23835
17669
23836
17671
23837
17673
23838
17675
23839
17677
23840
17679
23841
17681
23842
17683
23843
17685
23844
17687
23845
17689
23846
17691
23847
1
59249
1
15577
49110
49111
15578
49112
49113
1
1
18043
18045
23848
23849
18051
23850
1
18069
18071
23851
18075
18077
23852
23853
23854
18089
18091
23855
18099
18101
23856
23857
23858
23859
23860
1
1
1
18347
18355
15579
18359
18377
18385
23861
23862
18389
23863
1
19512
32180
32182
32183
32184
32181
20125
15580
20126
20129
32185
23864
1
18529
18553
1
19514
19515
32182
1
1
1
1
1
1
1
1
1
1
1
1
1
1
1
1
1
1
1
1
1
1
1
1
1
1
1
1
1
1
1
1
1
1
1
1
15581
49114
40896
40897
49115
19157
19158
40898
1
19159
40899
19161
19162
40900
49116
15582
49117
40901
40902
49118
1
19164
19165
40903
19166
40904
1
19168
19169
40905
49119
1
1
1
15583
15584
49120
1
1
15585
49121
49122
15586
15587
49123
1
15588
49124
49125
1
1
1
1
1
15589
15590
49126
40906
40907
49127
1
19172
19173
40908
15591
1
15592
49128
40909
40910
49129
1
19174
19175
40911
19178
40912
1
19180
19181
40913
58340
0
58341
58342
51857
51858
58343
40914
40915
58344
51859
58345
1
19183
1
1
15593
15594
49130
19184
40916
19185
40917
1
19187
19188
40918
58346
0
58347
58348
15595
5822
5823
1
58349
15596
49131
40919
40920
58350
5824
58351
1
19191
19192
40921
19193
40922
1
19195
19196
40923
58352
0
58353
58354
8530
8531
8532
8533
8534
58355
8535
8536
58356
8537
8538
40924
40925
1
40926
40927
58357
8539
8540
8541
58358
8542
8543
58359
58360
58361
8544
8545
8546
8547
8548
8549
8550
58362
8551
8552
8553
58363
19198
40928
8554
8555
8556
40929
40930
19199
40931
40932
40933
1
58364
58365
58366
58367
58368
8557
8558
8559
8560
8561
8562
8563
8564
8565
8566
8567
8568
8569
8570
19201
40934
40935
40936
19204
40937
40938
40939
40940
19207
40941
40942
40943
1
58369
19209
40944
40945
40946
19212
40947
19214
40948
40949
40950
40951
40952
40953
40954
40955
40956
58370
58371
19217
40957
40958
40959
58372
19219
58373
40960
40961
58374
19221
40962
40963
58375
19224
40964
40965
40966
40967
40968
40969
40970
40971
1
19226
40972
40973
19234
19237
19240
40974
40975
40976
40977
58376
8571
58377
19243
40978
40979
19246
1
19249
19260
19262
19264
1
19265
40980
1
1
1
1
19269
40981
1
19271
19272
40982
58378
0
58379
58380
12411
1
12412
12413
12414
12415
58381
12416
12417
58382
12418
12419
40983
40984
40985
40986
58383
12420
12421
12422
58384
12423
12424
58385
58386
12425
12426
12427
58387
58388
19274
40987
40988
40989
58389
58390
1
12428
58391
19277
40990
40991
19280
40992
40993
40994
1
1
20026
60929
20027
20028
60930
19283
40995
40996
40997
40998
60929
51613
60930
60931
51614
19285
19288
40999
41000
1
41001
41002
19291
19294
41003
41004
19296
1
19299
19301
19302
41005
51615
51616
51617
51618
60932
60933
60934
60931
60932
20029
60933
60934
60935
60936
60935
20030
20031
51619
20032
60937
1
20033
60938
20034
20035
60939
60936
51620
60937
60938
51621
19303
41006
51622
60939
1
60940
60941
60940
51623
51624
20036
60941
20037
60942
20038
60943
20039
20040
60944
60942
51625
60943
60944
51626
19305
19306
41007
58392
0
58393
58394
1
44240
44241
58395
41008
41009
58396
44242
58397
19308
19309
41010
1
19310
41011
19312
19313
41012
58398
0
58399
58400
1
60026
60027
60028
60029
60030
58401
60031
60032
58402
60033
60034
41013
41014
41015
41016
58403
58404
58405
58406
60035
58407
19315
41017
41018
1
19317
41019
41020
41021
19319
41022
19321
1
19324
19325
41023
1
19327
19329
41024
41025
19331
41026
19333
41027
19335
1
19336
41028
58408
0
58409
58410
46619
46620
46621
46622
46623
58411
41029
19338
19341
19339
41030
58412
0
58413
58414
39384
19345
19342
39385
1
41031
58415
49132
41032
19346
41033
49133
58416
58417
1
41034
41035
41036
1
19352
19354
41037
41038
19355
41039
1
19357
19361
41040
1
1
19997
23865
19999
23866
20001
23867
20003
23868
20005
23869
20007
23870
20009
23871
20011
23872
20013
23873
20015
23874
20017
23875
20019
23876
20021
23877
20023
23878
20025
23879
1
15597
49134
49135
15598
49136
49137
1
41041
58418
41042
58419
46624
58420
39386
58421
51627
51628
51629
60945
60946
60947
19362
19363
60945
60946
60947
60948
60948
51630
20041
20042
60949
1
20043
60950
20044
20045
60951
60949
51631
60950
60951
51632
1
19365
41043
19368
41044
20393
20395
23880
23881
20401
23882
19370
20405
20407
23883
19371
23884
41045
58422
0
58423
58424
20421
43081
20423
23885
1
20427
20429
23886
23887
23888
20435
20437
23889
20445
20447
23890
23891
19373
19374
41046
58425
0
58426
58427
53730
23892
23893
23894
53731
58428
41047
1
1
23895
1
41048
15599
15600
20705
20717
20727
20731
20739
15601
19384
19385
41049
49138
15602
15603
15604
41050
49139
19386
41051
41052
1
20753
23896
23897
20757
23898
19388
19389
41053
58429
0
58430
58431
40856
49140
40857
58432
41054
1
20843
20891
1
1
1
41055
58433
41056
41057
41058
41059
41060
1
53732
58434
19397
19398
19402
19403
19405
19406
41061
49141
19407
19408
41062
41063
15605
1
15606
49142
41064
49143
41065
58435
41066
41067
40858
58436
19410
41068
19414
19415
41069
49144
19417
1
19418
15607
15608
49145
41070
41071
19420
19421
19422
41072
58437
0
58438
58439
38127
38128
58440
41073
1
19425
51633
60952
60952
60953
60953
51634
51635
20046
60954
20047
60954
1
20048
60955
20049
20050
60956
60955
51636
60956
60957
51637
43082
43083
43084
58441
51638
41074
60958
60957
1
60958
60959
20051
51639
51640
20052
60960
60959
20053
60960
20054
20055
60961
60961
51641
60962
60963
51642
58442
1
41075
41076
41077
41078
41079
58443
38129
58444
1
15609
15610
49146
41080
41081
19435
15611
19437
15612
15614
15615
15613
49147
49148
41082
41083
41084
19439
19440
41085
1
15616
49149
49150
15617
15618
15619
49151
41086
41087
49152
1
19441
41088
19443
19445
19448
41089
19451
1
19454
19457
19455
41090
58445
0
58446
58447
27407
27408
58448
41091
1
58449
43085
43086
43087
41092
41093
58450
41094
58451
41095
41096
27409
58452
1
19464
19465
19466
41097
19468
19469
19471
19472
41098
41099
41100
1
19476
19477
41101
58453
19479
0
58454
58455
60377
60378
58456
19480
41102
41103
58457
0
58458
58459
40701
1
40702
40703
58460
41104
15620
15621
41105
58461
15622
49153
43088
41106
41107
41108
58462
58463
41109
41110
41111
58464
41112
58465
60379
41113
58466
40704
58467
15623
15624
15625
49154
41114
41115
49155
41116
1
51643
51644
51645
60964
19486
51646
51647
60965
51648
51649
60962
60963
20056
19489
60964
60965
60966
20057
51650
51651
15626
51652
60966
19491
19492
19493
19495
60967
41117
41118
20058
60967
51653
51654
51655
60968
60969
20059
60970
60971
60968
20061
20062
60972
51656
51657
51658
20064
20065
60973
20067
20068
20070
60974
60975
20071
20072
60976
20073
60977
20074
20075
60978
60979
20076
60980
60981
20077
15627
60969
15628
60970
51659
19497
19498
60971
41119
51660
51661
51662
60982
60983
60972
15629
15630
20078
1
15631
51663
60973
60974
51664
60984
51665
60985
60975
60976
60977
60978
51666
60979
20079
51667
51668
51669
51670
60986
60987
60980
51671
51672
51673
20080
60981
20081
60988
19499
19501
19503
19506
41120
60989
60990
60982
60983
51674
60984
20082
60991
60992
60985
51675
51676
60986
60987
20083
20084
60993
51677
60988
49156
49157
60989
51678
51679
41121
51680
60994
60995
49158
60990
19508
20085
60996
60997
60991
19509
51681
51682
20086
60992
41122
20087
60998
60999
61000
60993
58468
20088
41123
41124
41125
41126
41127
49159
41128
0
58469
51683
51684
58470
60994
60995
61001
61002
54449
20089
60996
61003
61004
61005
61006
61007
60997
20090
51685
51686
60998
20091
20092
20093
61008
61009
61010
60999
19511
19512
20094
41129
58471
61011
61012
0
58472
58473
20095
61000
61001
13678
1
13679
61013
61014
58474
61015
20096
41130
19516
61016
61002
51687
20097
20098
61017
19520
19521
19522
19523
41131
19524
41132
54450
54451
58475
41133
1
19527
19528
41134
49160
58476
1
1
1
49161
1
41135
41136
41137
15632
15633
41138
58477
49162
41139
58478
41140
41141
54452
58479
19532
19533
15634
15635
49163
13680
58480
19534
19535
19537
19538
41142
41143
41144
41145
1
19542
19543
19544
19545
41146
19546
41147
19548
19551
19549
41148
58481
0
58482
58483
64898
19552
41149
1
58484
64899
64900
0
58485
58486
58487
58488
41150
8443
19554
19555
41151
8444
58489
49164
41152
15636
49165
49166
1
1
1
1
41153
49167
41154
41155
41156
1
19567
19568
19569
19570
19571
19572
41157
41158
41159
1
19575
19576
41160
58490
0
58491
58492
17856
17857
17858
17859
58493
41161
15637
49168
49169
15638
1
58494
15639
49170
41162
1
1
41163
58495
41164
58496
64901
58497
41165
41166
41167
41168
1
15640
15641
49171
8445
58498
19580
19581
19582
19583
41169
19584
41170
19586
19588
19589
41171
1
19590
19591
41172
49172
53946
40550
1
53947
58499
15642
1
15643
15644
15645
49173
41173
53961
40551
23402
1
49174
1
41174
49175
41175
58500
39014
41176
41177
41178
23403
23404
17860
58501
1
19595
19596
19597
19600
39015
1
15646
49176
49177
1
1
49178
15647
15648
49179
41179
41180
1
39016
39017
39018
39019
23405
23406
23407
40552
19602
15649
15650
49180
40553
40554
41181
1
41182
53964
40555
53969
15651
15652
49181
19604
1
39020
39021
23408
39022
39023
40556
40557
40558
23409
40559
40560
53972
53973
1
1
15653
1
15654
15655
15656
49182
41183
49183
1
15657
15658
40561
23410
49184
53988
41184
41185
41186
41187
15659
15660
15661
41188
49185
49186
41189
41190
41191
1
19608
19609
41192
19610
19612
19613
41193
53993
1
40562
15662
19615
15663
15664
49187
41194
41195
49188
41196
19618
39024
23411
19619
41197
49189
1
19621
19623
1
1
1
1
15665
15666
15667
49190
41198
41199
41200
15668
15669
49191
15670
15671
15672
49192
41201
41202
49193
41203
1
19627
19630
19633
15673
15674
49194
15675
41204
41205
15676
15677
15678
49195
41206
41207
49196
41208
41209
1
15679
49197
49198
19637
19639
19642
19643
41210
1
1
1
1
1
41211
49199
19644
1
15680
1
15681
49200
15682
15683
41212
49201
41213
41214
41215
41216
49202
1
19649
19652
19653
19654
41217
1
19655
41218
1
19658
19659
41219
58502
0
58503
58504
47479
1
47480
58505
41220
15684
15685
49203
19661
41221
1
19664
19665
41222
49204
1
41223
1
19667
19668
41224
15686
15687
49205
1
1
1
1
41225
58506
1
15688
49206
49207
47481
58507
19671
1
1
1
1
1
1
15689
15690
49208
41226
1
1
1
1
41227
1
19680
19681
41228
1
1
22337
23899
22339
23900
22341
23901
22343
23902
22345
23903
22347
23904
22349
23905
22351
23906
22353
23907
22355
23908
22357
23909
22359
23910
22361
23911
22363
23912
22365
23913
1
1
1
41229
49209
1
19684
22719
22721
23914
23915
22731
22733
23916
23917
1
22747
22749
23918
22757
22759
23919
23920
23921
1
1
22997
1
23003
23015
23037
1
15691
15692
49210
1
1
1
1
1
1
1
1
1
1
1
1
1
1
1
1
1
1
1
1
1
1
1
1
1
1
1
1
1
1
20101
61018
20102
20103
61019
61003
51688
61004
61005
51689
51690
61006
61020
61021
61007
51691
51692
20104
61008
20105
61022
1
1
1
1
1
1
1
1
1
1
1
1
1
1
1
1
1
1
1
1
1
1
1
1
59850
64479
59852
1
59855
64480
64481
64482
59857
1
1
1
59858
64483
59859
64484
59861
1
59862
64485
64486
64487
1
59864
59865
64488
1
1
1
1
1
1
1
1
1
1
1
1
1
1
1
1
1
1
1
1
1
1
1
1
1
1
1
1
1
1
1
24575
23922
24577
23923
24579
23924
24581
23925
24583
23926
24585
23927
24587
23928
24589
1
23929
24591
23930
24593
23931
24595
23932
24597
23933
24599
23934
24601
23935
24603
23936
1
1
1
1
24953
23937
24971
24973
23938
24979
23939
24981
23940
23941
24991
24993
23942
23943
25001
25003
23944
25011
25013
23945
23946
23947
23948
23949
1
23950
1
1
25259
25261
1
25263
25275
25289
23951
23952
25291
23953
25327
1
1
25451
1
1
1
1
1
1
1
1
1
1
1
1
1
1
1
1
1
1
1
1
1
1
1
1
1
1
1
1
1
1
1
1
55066
40563
55067
55071
40564
23412
1
1
4961
23413
23414
1
4962
1
1
1
1
4963
4964
4965
4966
23415
23416
23417
40565
1
4967
4968
4969
4970
1
23418
23419
1
1
40566
40567
55087
40568
40569
40570
40571
55088
55089
1
1
1
1
1
19252
30303
19254
19255
30304
1
30227
12291
30228
30229
12292
40572
55216
1
1
1
1
1
40573
23420
55418
55423
40574
1
1
4971
23421
1
1
1
1
1
1
1
1
1
1
1
1
1
1
1
1
1
1
1
1
1
1
1
1
1
1
1
1
1
1
1
1
1
1
12293
12294
12295
30230
12296
30231
30305
30306
12297
12298
12299
19258
30307
30308
30232
30233
12300
19259
12301
12302
12303
12304
30309
30310
19260
26949
30311
30312
23954
30234
26951
23955
26953
23956
26955
23957
26957
19261
23958
26959
23959
26961
23960
26963
23961
26965
23962
26967
23963
12305
26969
12306
23964
12307
12308
12309
26971
26973
30235
30236
30237
30238
23965
23966
26975
23967
26977
30313
30314
23968
1
19262
30315
30316
19263
30317
30318
19264
30319
30320
19265
30321
30322
19266
30323
30324
30325
30326
30239
12310
19267
19268
19271
30327
1
1
12311
30240
1
1
27329
27331
23969
23970
27337
23971
27353
27355
23972
27361
23973
27363
23974
23975
27373
27375
23976
27383
27385
23977
23978
23979
23980
23981
1
1
23982
1
27621
27629
27633
27649
27661
23983
23984
27665
23985
1
1
27775
27809
1
1
1
19438
30328
19439
19440
30329
23422
1
1
30632
23423
23424
1
1
30633
19967
1
1
1
30634
23425
30330
1
30331
19441
1
1
1
1
1
30332
23426
19442
1
19445
30333
1
30635
23427
1
1
1
1
1
1
1
1
1
1
1
1
1
1
1
1
1
1
1
1
1
1
1
1
1
1
1
1
1
1
1
1
1
1
1
1
1
1
1
1
1
1
1
1
1
1
