1524
1432
897
914
875
1392
741
755
898
900
1024
960
929
828
904
880
771
909
1041
1560
1115
905
762
805
4638
985
916
897
999
1033
902
894
881
1119
872
1564
812
930
1201
962
1346
950
946
901
901
1044
837
1562
1027
1009
895
951
895
1022
887
1034
1148
1074
1103
807
1730
1388
857
1223
1070
1497
966
1081
810
780
985
880
1209
902
868
971
949
875
942
1040
872
971
1022
996
1136
1501
928
909
849
879
911
951
1253
954
906
921
1358
1121
1029
934
872
788
1390
919
896
940
921
927
966
780
905
838
830
939
1051
950
965
1027
815
932
779
1068
1091
1099
1060
805
872
848
1718
891
819
820
938
860
959
1144
858
964
890
948
1135
886
915
988
1042
1153
1051
763
755
956
906
938
971
739
755
957
871
953
958
803
1424
854
920
833
874
850
816
1014
776
954
777
759
1359
902
961
1322
1016
792
909
840
932
875
1004
988
901
993
1012
1001
877
827
960
1223
937
780
893
908
864
864
1052
822
882
840
793
832
792
1452
869
791
1820
817
943
889
898
1341
939
790
830
796
901
1009
1001
953
1454
826
859
889
812
802
839
811
882
1011
967
859
762
871
916
923
849
1197
752
1466
889
988
1507
877
828
1190
835
830
1255
849
974
1013
779
972
1035
1019
927
870
1122
870
922
835
982
829
840
785
1045
806
1201
840
812
1204
840
807
850
831
842
986
1028
989
751
937
900
986
5046
855
987
906
941
911
1020
984
925
1177
1082
963
1117
917
894
980
894
757
924
942
859
755
815
869
841
943
950
3630
832
866
1003
1087
1038
2578
992
914
824
886
887
942
1153
884
1054
955
856
918
1516
1765
976
1720
937
1337
866
1220
917
1074
1013
766
992
986
854
841
799
1072
1056
1233
1009
794
923
760
866
839
1009
7443
1162
1301
1297
1031
979
906
1300
878
1364
1083
1010
1150
1338
968
1144
922
882
853
934
1010
920
990
737
1674
906
937
843
839
1144
1107
864
948
1053
1066
1539
599
3059
801
755
975
981
1061
787
2183
791
816
981
872
1024
3167
1004
841
819
1272
879
1154
952
3059
864
1030
1136
868
1147
1023
908
941
915
867
1262
1297
1141
794
810
962
949
992
1607
1557
929
1595
954
869
889
1070
840
978
1046
921
1077
894
965
1071
1099
894
797
922
724
826
909
1236
994
945
1048
1060
943
857
1365
1503
905
980
889
923
534
972
785
1025
1039
878
943
804
846
1131
929
930
936
1042
1258
849
829
728
955
858
846
1158
1156
863
844
1297
761
903
1047
874
1100
774
867
840
1014
915
654
4104
1552
1277
1605
1056
822
830
939
1054
7059
818
1083
835
1017
807
1085
795
820
805
878
834
851
1217
752
883
943
887
1044
1047
1368
1158
936
829
907
860
934
974
967
932
1000
845
896
854
2182
1825
880
884
993
854
883
996
996
1145
1053
898
1068
1392
1614
1068
515
1054
939
1786
1129
1941
1402
1009
1063
1005
1204
1038
980
1467
954
1155
1061
974
998
1154
1027
1061
874
912
823
827
978
944
978
3857
907
862
917
1461
969
898
1013
881
893
1004
1003
1244
952
1030
774
856
981
765
889
867
1016
847
1008
1066
1465
944
1260
989
1229
871
822
728
579
1400
609
846
865
855
873
847
984
867
1415
941
932
955
954
933
947
822
818
984
968
852
847
2296
1006
858
797
1319
871
959
889
883
1014
850
890
906
922
764
1084
1198
1015
991
854
924
822
766
940
949
838
1033
1105
964
953
1425
870
849
875
932
958
902
859
782
883
1271
942
879
857
862
872
853
602
873
889
925
1106
795
1048
885
903
1366
1050
1334
892
825
1159
947
735
460
741
854
1067
770
1455
1104
854
935
851
752
976
891
886
1028
830
910
825
1042
789
717
986
1002
879
892
840
844
878
835
734
901
834
919
829
905
786
801
851
785
874
889
874
878
992
1060
1231
950
940
960
845
912
897
782
925
857
1031
1178
2416
1038
963
974
944
1052
878
900
867
1184
1153
946
1022
865
795
798
758
1285
914
933
785
870
1209
890
858
1326
828
899
861
1024
778
833
999
981
792
852
1069
776
855
537
858
903
1101
907
1015
935
749
736
951
866
825
785
1026
770
930
833
964
809
833
1048
853
1030
838
1122
824
1006
959
883
1231
1049
869
828
886
991
1080
890
839
883
870
947
1006
913
999
800
924
819
934
861
841
875
939
829
896
936
921
1567
914
832
839
977
1022
1013
951
1013
862
854
853
1387
832
798
836
845
978
895
914
858
986
891
1146
843
864
1020
877
845
789
947
905
828
743
1161
836
920
908
517
802
1083
928
909
824
921
866
856
859
872
920
922
963
787
862
783
962
837
1189
758
854
1111
858
814
856
878
884
847
821
1091
832
739
817
954
839
1143
926
911
765
6664
852
1043
904
1104
833
2086
2721
1008
791
914
798
1174
896
1414
1139
914
861
1071
1076
972
786
869
2399
795
940
802
1442
994
900
891
917
848
789
1071
938
896
805
888
832
1255
974
903
854
865
965
893
1372
989
1037
892
867
1524
1432
897
914
875
1392
741
755
898
900
1024
960
929
828
904
880
771
909
1041
1560
1115
905
762
805
4638
985
916
897
999
1033
902
894
881
1119
872
1564
812
930
1201
962
1346
950
946
901
901
1044
837
1562
1027
1009
895
951
895
1022
887
1034
1148
1074
1103
807
1730
1388
857
1223
1070
1497
966
1081
810
780
985
880
1209
902
868
971
949
875
942
1040
872
971
1022
996
1136
1501
928
909
849
879
911
951
1253
954
906
921
1358
1121
1029
934
872
788
1390
919
896
940
921
927
966
780
905
838
830
939
1051
950
965
1027
815
932
779
1068
1091
1099
1060
805
872
848
1718
891
819
820
938
860
959
1144
858
964
890
948
1135
886
915
988
1042
1153
1051
763
755
956
906
938
971
739
755
957
871
953
958
803
1424
854
920
833
874
850
816
1014
776
954
777
759
1359
902
961
1322
1016
792
909
840
932
875
1004
988
901
993
1012
1001
877
827
960
1223
937
780
893
908
864
864
1052
822
882
840
793
832
792
1452
869
791
1820
817
943
889
898
1341
939
790
830
796
901
1009
1001
953
1454
826
859
889
812
802
839
811
882
1011
967
859
762
871
916
923
849
1197
752
1466
889
988
1507
877
828
1190
835
830
1255
849
974
1013
779
972
1035
1019
927
870
1122
870
922
835
982
829
840
785
1045
806
1201
840
812
1204
840
807
850
831
842
986
1028
989
751
937
900
986
5046
855
987
906
941
911
1020
984
925
1177
1082
963
1117
917
894
980
894
757
924
942
859
755
815
869
841
943
950
3630
832
866
1003
1087
1038
2578
992
914
824
886
887
942
1153
884
1054
955
856
918
1516
1765
976
1720
937
1337
866
1220
917
1074
1013
766
992
986
854
841
799
1072
1056
1233
1009
794
923
760
866
839
1009
7443
1162
1301
1297
1031
979
906
1300
878
1364
1083
1010
1150
1338
968
1144
922
882
853
934
1010
920
990
737
1674
906
937
843
839
1144
1107
864
948
1053
1066
1539
599
3059
801
755
975
981
1061
787
2183
791
816
981
872
1024
3167
1004
841
819
1272
879
1154
952
3059
864
1030
1136
868
1147
1023
908
941
915
867
1262
1297
1141
794
810
962
949
992
1607
1557
929
1595
954
869
889
1070
840
978
1046
921
1077
894
965
1071
1099
894
797
922
724
826
909
1236
994
945
1048
1060
943
857
1365
1503
905
980
889
923
534
972
785
1025
1039
878
943
804
846
1131
929
930
936
1042
1258
849
829
728
955
858
846
1158
1156
863
844
1297
761
903
1047
874
1100
774
867
840
1014
915
654
4104
1552
1277
1605
1056
822
830
939
1054
7059
818
1083
835
1017
807
1085
795
820
805
878
834
851
1217
752
883
943
887
1044
1047
1368
1158
936
829
907
860
934
974
967
932
1000
845
896
854
2182
1825
880
884
993
854
883
996
996
1145
1053
898
1068
1392
1614
1068
515
1054
939
1786
1129
1941
1402
1009
1063
1005
1204
1038
980
1467
954
1155
1061
974
998
1154
1027
1061
874
912
823
827
978
944
978
3857
907
862
917
1461
969
898
1013
881
893
1004
1003
1244
952
1030
774
856
981
765
889
867
1016
847
1008
1066
1465
944
1260
989
1229
871
822
728
579
1400
609
846
865
855
873
847
984
867
1415
941
932
955
954
933
947
822
818
984
968
852
847
2296
1006
858
797
1319
871
959
889
883
1014
850
890
906
922
764
1084
1198
1015
991
854
924
822
766
940
949
838
1033
1105
964
953
1425
870
849
875
932
958
902
859
782
883
1271
942
879
857
862
872
853
602
873
889
925
1106
795
1048
885
903
1366
1050
1334
892
825
1159
947
735
460
741
854
1067
770
1455
1104
854
935
851
752
976
891
886
1028
830
910
825
1042
789
717
986
1002
879
892
840
844
878
835
734
901
834
919
829
905
786
801
851
785
874
889
874
878
992
1060
1231
950
940
960
845
912
897
782
925
857
1031
1178
2416
1038
963
974
944
1052
878
900
867
1184
1153
946
1022
865
795
798
758
1285
914
933
785
870
1209
890
858
1326
828
899
861
1024
778
833
999
981
792
852
1069
776
855
537
858
903
1101
907
1015
935
749
736
951
866
825
785
1026
770
930
833
964
809
833
1048
853
1030
838
1122
824
1006
959
883
1231
1049
869
828
886
991
1080
890
839
883
870
947
1006
913
999
800
924
819
934
861
841
875
939
829
896
936
921
1567
914
832
839
977
1022
1013
951
1013
862
854
853
1387
832
798
836
845
978
895
914
858
986
891
1146
843
864
1020
877
845
789
947
905
828
743
1161
836
920
908
517
802
1083
928
909
824
921
866
856
859
872
920
922
963
787
862
783
962
837
1189
758
854
1111
858
814
856
878
884
847
821
1091
832
739
817
954
839
1143
926
911
765
6664
852
1043
904
1104
833
2086
2721
1008
791
914
798
1174
896
1414
1139
914
861
1071
1076
972
786
869
2399
795
940
802
1442
994
900
891
917
848
789
1071
938
896
805
888
832
1255
974
903
854
865
965
893
1372
989
1037
892
867
1734
1863
3013
3482
1243
1351
1457
999
1660
962
978
1067
993
958
1002
803
2551
991
1015
1021
1086
1009
952
1233
1063
975
1154
1002
990
965
1046
1078
949
960
1049
996
1029
945
953
1228
1045
1003
954
1002
990
899
955
952
1002
1022
962
965
1219
952
993
1072
943
1001
987
941
1182
986
1061
1049
1222
982
1129
1112
1015
981
994
1505
918
1087
996
982
1152
979
1079
1004
966
1002
999
1045
1033
987
941
1100
1481
1078
965
961
1054
1181
1016
1132
968
1063
1041
1034
1038
1026
1239
1156
1231
1275
977
1280
1235
964
1010
964
1200
1082
1295
965
950
958
1125
1023
934
949
929
1002
993
1217
1333
991
978
992
1342
1037
1258
975
949
928
996
962
1063
1119
1301
1144
1071
1017
1089
1687
964
1083
1284
962
1018
1093
2180
1544
1259
1116
1272
1260
2164
1128
1187
1072
1169
1050
968
1014
1646
1009
1077
1345
1046
1053
1019
2170
1021
1062
988
1196
1052
1067
1152
1200
1306
1179
1383
1267
1091
1077
1696
1081
1152
1396
971
2517
915
944
1202
1645
1049
1123
959
1150
1134
1107
1018
1235
972
1236
919
1176
1044
1023
1003
1101
913
1044
955
947
1039
967
1093
1032
987
1273
942
966
1076
971
999
989
994
983
1100
1163
1241
1120
1106
1173
1196
1014
1015
1058
951
1289
1442
1123
1012
1044
1181
975
971
1083
996
1133
989
1085
972
1103
1100
954
981
951
1029
1100
1021
1059
1105
980
1031
972
1207
1197
942
961
995
1110
1106
964
1157
1038
1035
977
1350
1002
1444
1209
1268
981
996
1459
996
1128
1079
1038
1147
951
1408
1043
1629
976
1195
1077
931
1071
1114
1184
1062
1003
965
996
1195
1108
1280
1050
1142
943
1016
1006
921
961
1340
994
969
928
1060
998
958
940
1180
1368
1223
1068
1508
1306
1048
1124
971
996
990
1059
936
936
998
1027
1238
1038
1010
1177
956
944
1036
1012
991
984
911
1106
939
998
1031
1436
1735
1337
2624
1127
1028
950
1004
901
1135
1053
1010
1154
1107
989
1086
976
1026
1046
1620
1761
1051
1074
1634
1145
1001
1454
1104
1125
974
1047
1122
1012
972
979
906
937
937
1029
1356
1188
989
1188
1378
1107
1844
970
1015
1131
1137
919
556
913
1087
963
1119
1078
922
935
1077
1024
982
971
967
1019
993
939
1213
918
959
921
950
846
985
1064
1110
1565
945
964
1062
947
1023
942
944
930
953
997
942
982
1004
1224
1544
979
944
930
992
985
1055
952
953
1435
1068
947
934
950
933
1081
944
975
966
941
1080
1079
904
974
971
971
976
1581
970
975
1106
1018
986
1030
1003
1068
943
934
1059
1145
1216
1137
1152
977
970
1023
1024
1055
1249
933
1012
1102
965
2389
926
935
1019
995
968
1058
1378
899
968
1312
1160
1276
1203
1141
1000
1125
1026
1391
1339
963
965
953
978
1034
1019
1089
973
985
1115
1015
1037
1014
1138
967
1175
966
1148
1182
1044
978
990
985
1176
975
964
923
967
1014
1037
917
996
967
1049
1339
922
979
1146
1027
1158
1056
1309
1112
965
1377
941
972
983
1167
1162
949
945
988
1116
1094
1047
1195
1139
1073
1057
1037
947
980
1189
1188
1100
1020
1203
1015
1046
1121
1058
1169
1248
1421
1038
1047
1091
1054
974
998
1022
943
1171
1217
968
1059
1025
1517
1499
1140
1070
1175
1074
923
1118
1502
947
1102
1384
996
1179
1187
1052
1011
1007
994
1042
3629
1055
1024
1225
960
1085
1405
928
963
953
899
991
960
1101
949
1163
964
950
1026
975
983
1083
1117
968
949
1108
992
1165
2969
7918
995
1044
1140
1568
967
1275
1009
1107
1003
1015
1030
1370
968
1009
1120
1199
1495
1090
1074
1023
1048
1095
3541
1093
992
1067
1030
997
1224
1699
1097
1141
1049
3124
8232
1247
1018
2885
1526
1047
1007
1012
1038
988
985
1063
995
899
909
1030
942
954
1009
978
1009
10675
981
1275
1027
1062
980
967
1051
953
971
1555
981
957
952
944
1379
1003
1116
1620
1049
1384
1176
943
998
1090
1031
996
983
1283
1195
1079
1006
1090
1001
928
965
999
939
1085
3077
938
907
3346
5182
1169
1079
5622
969
1073
1197
970
1022
1109
1010
917
1127
1006
1155
908
940
940
983
1082
980
1520
3636
963
993
1040
1018
944
962
1046
1084
1015
1173
1609
975
1017
1022
1024
992
1179
1020
1106
1116
1139
1040
1036
1009
963
1602
1229
1027
1445
1038
956
1032
1073
972
976
938
1071
4698
1085
919
921
958
949
1226
1010
1017
9489
1087
1237
1279
1166
1235
1011
1025
956
995
975
1132
1290
973
1050
1144
1288
1472
1108
1058
1010
1039
1032
953
970
4039
985
952
1610
1080
1010
1205
1656
1055
1475
1106
1017
1648
991
1160
1127
977
1078
974
997
956
1826
1177
959
987
1717
1017
1217
1057
3475
1041
967
1209
1281
1405
1002
1191
1123
1008
991
991
1021
1021
1169
1038
1093
1433
1077
1292
1707
1138
1031
1019
1005
1021
1033
1012
1108
996
1017
1097
1002
981
1638
1065
1024
1114
1284
1024
1062
1184
1197
1531
999
1209
1434
1129
987
1037
1042
886
1039
945
918
957
978
1041
1053
943
977
955
945
959
944
871
960
967
866
917
1006
1072
1010
1041
959
972
1096
942
1002
965
1060
949
956
1221
1011
901
999
935
954
1168
1170
950
965
964
1356
1036
986
1055
974
947
954
988
1040
1035
1605
1092
1213
938
1101
1054
1089
4615
1165
1120
1234
1027
1241
888
1299
615
786
1313
1016
1343
3961
954
1038
1154
968
1007
1091
946
1049
1008
1107
1002
1006
948
1017
1042
998
1471
965
988
1054
1026
1257
994
1080
1090
1054
1110
909
1077
931
1065
944
1133
967
1022
1015
966
976
954
924
6665
966
1088
950
974
946
1080
968
957
985
946
1029
991
930
1068
1032
1129
959
907
964
939
923
942
948
968
1110
921
1050
1074
934
944
953
1047
933
1083
1040
941
1007
1288
935
1422
1380
1024
1004
1044
1028
959
940
948
970
990
1036
1039
1090
1183
985
992
1406
1185
1020
1117
1335
1043
1216
1031
887
2515
979
1295
1272
1067
1749
1067
964
1022
1201
1263
997
989
1199
1340
990
1046
1043
1317
985
1096
945
1226
1142
972
4146
1508
1112
982
1119
1287
1217
1151
1009
953
1131
1091
980
936
1101
1185
1000
915
925
980
1212
965
1072
1253
1229
877
963
1093
1014
985
972
1024
1020
1386
1024
920
983
1156
1007
1038
961
1022
998
949
1086
1110
937
986
946
734
1080
1724
1044
1069
972
956
1046
931
940
1283
943
1199
1009
1014
959
960
1002
1093
949
1136
926
1077
974
1339
1076
1053
1130
936
3191
1024
988
987
1451
1000
1154
1410
979
978
1210
1269
1035
1119
1101
1060
962
993
946
1189
1075
937
1070
1067
964
1382
949
1039
990
995
1588
955
1060
1024
943
1226
1057
934
933
1034
996
939
1084
1080
1199
956
958
942
1038
918
941
951
955
1078
970
915
1051
1192
964
1066
1070
1034
1028
1309
988
986
1316
936
1046
934
979
958
938
1031
1227
1005
1332
1054
897
977
943
1000
1092
1027
963
1029
986
977
1276
1011
1146
986
1055
1141
959
1014
1145
963
1051
1130
1020
1207
1176
1146
1020
1198
1391
730
1027
1022
964
1238
1034
950
966
948
950
1001
926
994
1084
962
902
1021
971
954
935
972
1051
927
935
1015
911
926
922
1102
1110
968
998
953
911
880
901
977
908
878
964
982
1130
929
962
924
923
919
1139
943
924
1830
985
953
953
8867
1389
951
957
993
972
3345
1045
1061
995
1098
984
907
930
963
975
904
1003
1022
1030
952
937
910
956
1201
1112
957
948
1047
1020
1023
3883
966
932
990
953
993
959
4988
958
913
913
1229
919
1531
965
990
1081
985
969
1003
927
1077
1504
1026
2166
1037
940
961
938
951
1017
943
1767
938
952
937
966
942
981
926
978
1065
1111
928
940
987
1306
1034
966
982
1000
997
927
1031
897
914
1006
986
963
947
2223
3944
933
959
919
932
973
952
937
698
901
920
1010
1193
947
1044
975
935
971
958
905
967
944
989
1028
1058
910
948
927
1010
931
911
969
883
940
908
1013
1137
970
905
993
902
934
959
925
992
896
992
912
986
1023
1948
938
1519
931
929
987
937
1027
923
895
914
1059
1013
970
977
1072
924
1006
1046
1035
935
918
937
1016
975
1015
925
924
995
956
924
973
996
983
1063
1052
2933
964
933
1015
1589
968
1070
1030
911
958
988
943
904
922
906
993
935
899
917
1100
1524
973
1110
918
932
928
1004
992
970
1691
942
1060
940
1019
985
972
952
3808
934
944
931
1015
914
925
943
1225
961
926
936
932
955
917
991
945
911
1011
963
1123
959
1011
979
1002
1021
941
977
926
977
1045
915
918
1010
4290
923
948
13511
953
1018
14472
986
1004
1001
992
914
1011
1006
948
949
976
952
958
998
1160
948
921
975
969
930
982
924
1051
996
1249
958
924
925
930
926
1182
1735
1041
928
941
928
964
996
1027
971
4296
930
1083
910
1041
950
933
1117
910
961
1014
1036
970
922
920
1009
988
946
902
1043
957
671
1082
910
912
961
3894
1080
938
921
919
950
938
1002
923
1005
1041
925
927
923
917
921
1051
1015
904
1019
1142
926
1124
896
910
992
978
915
1131
919
929
987
930
1050
947
929
925
2967
904
941
1035
970
994
1025
1009
985
2320
945
940
973
976
936
961
2795
931
940
993
936
1064
945
11065
974
1053
921
966
978
937
927
3899
937
1100
966
921
4940
951
925
961
964
929
4401
965
1027
1059
954
979
940
1019
979
948
995
959
1488
1183
938
960
988
991
951
19645
974
1429
995
900
1637
943
945
946
969
937
993
967
1114
1002
901
1031
940
1084
954
943
954
936
989
1009
923
1650
953
1021
1005
987
998
1009
1848
997
953
1114
926
954
1088
900
992
916
929
945
970
915
973
942
1041
1046
1264
1186
1182
922
1097
1035
993
976
1173
1034
1061
1300
924
1375
998
946
963
1032
1054
1023
1143
961
941
976
1075
955
1016
1156
1037
1180
1009
1034
1020
978
940
981
963
975
1003
1030
1020
3301
1214
1653
1009
1143
1010
1504
975
979
948
1034
1114
1261
1090
1050
957
979
1060
1300
1068
1017
1049
962
998
1051
928
929
1035
1051
1565
1373
1667
966
927
984
993
985
1498
1004
970
945
1181
1011
965
956
1480
948
1182
1021
979
1080
1109
998
1056
1102
1038
1076
1037
1098
962
1091
1192
1166
1026
1108
991
980
1424
960
1173
1010
981
1002
1097
949
979
1002
1112
1072
1199
1266
1158
950
997
956
1026
1119
968
1103
981
999
875
1044
958
1010
1248
955
961
980
1031
1006
1035
1036
1023
1006
1029
1069
956
947
1133
1072
1564
1119
999
993
1041
1343
3961
954
1038
1154
968
1007
1091
946
1049
1008
1107
1002
1006
948
1017
1042
998
1471
965
988
1054
1026
1257
994
1080
1090
1054
1110
909
1077
931
1065
944
1133
967
1022
1015
966
976
954
924
6665
966
1088
950
974
946
1080
968
957
985
946
1029
991
930
1068
1032
1129
959
907
964
939
923
942
948
968
1110
921
1050
1074
934
944
953
1047
933
1083
1040
941
1007
1288
935
1422
1380
1024
1004
1044
1028
959
940
948
970
990
1036
1039
1090
1183
985
992
1406
1185
1020
1117
1335
1043
1216
1031
887
2515
979
1295
1272
1067
1749
1067
964
1022
1201
1263
997
989
1199
1340
990
1046
1043
1317
985
1096
945
1226
1142
972
4146
1508
1112
982
1119
1287
1217
1151
1009
953
1131
1091
980
936
1101
1185
1000
915
925
980
1212
965
1072
1253
1229
877
963
1093
1014
985
972
1024
1020
1386
1024
920
983
1156
1007
1038
961
1022
998
949
1086
1110
937
986
946
734
1080
1724
1044
1069
972
956
1046
931
940
1283
943
1199
1009
1014
959
960
1002
1093
949
1136
926
1077
974
1339
1076
1053
1130
936
3191
1024
988
987
1451
1000
1154
1410
979
978
1210
1269
1035
1119
1101
1060
962
993
946
1189
1075
937
1070
1067
964
1382
949
1039
990
995
1588
955
1060
1024
943
1226
1057
934
933
1034
996
939
1084
1080
1199
956
958
942
1038
918
941
951
955
1078
970
915
1051
1192
964
1066
1070
1034
1028
1309
988
986
1316
936
1046
934
979
958
938
1031
1227
1005
1332
1054
897
977
943
1000
1092
1027
963
1029
986
977
1276
1011
1146
986
1055
1141
959
1014
1145
963
1051
1130
1020
1207
1176
1146
1020
1198
1391
730
1027
1022
964
1238
1034
950
966
948
950
1001
926
994
1084
962
902
1021
971
954
935
972
1051
927
935
1015
911
926
922
1102
1110
968
998
953
911
880
901
977
908
878
964
982
1130
929
962
924
923
919
1139
943
924
1830
985
953
953
8867
1389
951
957
993
972
3345
1045
1061
995
1098
984
907
930
963
975
904
1003
1022
1030
952
937
910
956
1201
1112
957
948
1047
1020
1023
3883
966
932
990
953
993
959
4988
958
913
913
1229
919
1531
965
990
1081
985
969
1003
927
1077
1504
1026
2166
1037
940
961
938
951
1017
943
1767
938
952
937
966
942
981
926
978
1065
1111
928
940
987
1306
1034
966
982
1000
997
927
1031
897
914
1006
986
963
947
2223
3944
933
959
919
932
973
952
937
698
901
920
1010
1193
947
1044
975
935
971
958
905
967
944
989
1028
1058
910
948
927
1010
931
911
969
883
940
908
1013
1137
970
905
993
902
934
959
925
992
896
992
912
986
1023
1948
938
1519
931
929
987
937
1027
923
895
914
1059
1013
970
977
1072
924
1006
1046
1035
935
918
937
1016
975
1015
925
924
995
956
924
973
996
983
1063
1052
2933
964
933
1015
1589
968
1070
1030
911
958
988
943
904
922
906
993
935
899
917
1100
1524
973
1110
918
932
928
1004
992
970
1691
942
1060
940
1019
985
972
952
3808
934
944
931
1015
914
925
943
1225
961
926
936
932
955
917
991
945
911
1011
963
1123
959
1011
979
1002
1021
941
977
926
977
1045
915
918
1010
4290
923
948
13511
953
1018
14472
986
1004
1001
992
914
1011
1006
948
949
976
952
958
998
1160
948
921
975
969
930
982
924
1051
996
1249
958
924
925
930
926
1182
1735
1041
928
941
928
964
996
1027
971
4296
930
1083
910
1041
950
933
1117
910
961
1014
1036
970
922
920
1009
988
946
902
1043
957
671
1082
910
912
961
3894
1080
938
921
919
950
938
1002
923
1005
1041
925
927
923
917
921
1051
1015
904
1019
1142
926
1124
896
910
992
978
915
1131
919
929
987
930
1050
947
929
925
2967
904
941
1035
970
994
1025
1009
985
2320
945
940
973
976
936
961
2795
931
940
993
936
1064
945
11065
974
1053
921
966
978
937
927
3899
937
1100
966
921
4940
951
925
961
964
929
4401
965
1027
1059
954
979
940
1019
979
948
995
959
1488
1183
938
960
988
991
951
19645
974
1429
995
900
1637
943
945
946
969
937
993
967
1114
1002
901
1031
940
1084
954
943
954
936
989
1009
923
1650
953
1021
1005
987
998
1009
1848
997
953
1114
926
954
1088
900
992
916
929
945
970
915
973
942
1041
1046
1264
1186
1182
922
1097
1035
993
976
1173
1034
1061
1300
924
1375
998
946
963
1032
1054
1023
1143
961
941
976
1075
955
1016
1156
1037
1180
1009
1034
1020
978
940
981
963
975
1003
1030
1020
3301
1214
1653
1009
1143
1010
1504
975
979
948
1034
1114
1261
1090
1050
957
979
1060
1300
1068
1017
1049
962
998
1051
928
929
1035
1051
1565
1373
1667
966
927
984
993
985
1498
1004
970
945
1181
1011
965
956
1480
948
1182
1021
979
1080
1109
998
1056
1102
1038
1076
1037
1098
962
1091
1192
1166
1026
1108
991
980
1424
960
1173
1010
981
1002
1097
949
979
1002
1112
1072
1199
1266
1158
950
997
956
1026
1119
968
1103
981
999
875
1044
958
1010
1248
955
961
980
1031
1006
1035
1036
1023
1006
1029
1069
956
947
1133
1072
1564
1119
999
993
1041
1423
1013
1382
1040
1030
1124
1172
1134
1100
953
1018
1046
1011
1469
1003
1247
1025
1233
940
969
1106
978
1017
1021
1025
1154
995
1025
1100
1184
1065
1072
3322
1446
1138
1022
1081
1074
1160
1128
1054
1137
1231
1300
1406
1100
1077
1125
975
1016
944
1027
1283
1051
981
1701
989
1075
1119
1595
1324
1330
1126
1267
1546
1010
935
1290
1011
1263
1435
1001
955
941
1648
918
947
918
1048
948
953
975
2199
1212
864
920
991
1030
970
1037
1126
1008
1461
920
915
1074
1032
1024
1054
1543
974
960
986
990
1199
1100
1034
1034
1229
1740
1095
1648
1498
1386
950
1005
1326
1006
979
1364
1121
983
972
1012
993
984
1091
1012
1157
961
1204
979
997
1058
963
1010
958
1051
999
958
925
1037
1335
2287
983
935
1055
949
1058
992
1111
1011
987
990
946
998
981
983
1061
926
960
950
923
978
903
938
1083
971
1144
1205
1037
1083
1041
1026
2531
4662
1006
1115
1017
1206
1608
1149
1025
1045
934
975
1039
957
1275
1018
1363
1657
972
1167
1579
1180
1827
1042
973
1178
1088
1238
1703
1466
1050
1038
1645
1035
953
998
993
1017
945
930
1017
851
996
1116
985
1076
1007
1028
1162
947
555
1054
934
1044
1150
846
1073
967
1175
1175
1144
916
981
1083
1695
922
1780
1294
1156
1512
1230
3614
1131
1080
1104
1327
1093
1351
1183
1064
1018
1048
1284
1065
1100
1024
1104
1003
1078
1718
1489
1163
1006
1123
1042
1234
953
1196
1431
973
1019
1073
1126
1016
954
1002
966
1003
1004
1297
1062
977
1270
1180
981
1071
929
1040
935
1455
1486
976
987
1041
966
970
921
945
1633
1260
1015
1916
947
1023
998
972
1201
1022
1063
1006
959
1250
1202
1090
1068
1065
958
1133
1107
992
955
1013
939
1327
1088
1429
983
978
1050
944
1208
1291
1278
1396
1041
927
1090
1135
1138
1268
1012
1042
980
1197
1044
980
1771
1040
1133
1098
1030
1069
1007
1456
974
1062
944
1058
1100
959
1017
964
1171
1242
1307
1055
1621
1106
1013
1207
953
1189
1011
1053
1003
1002
1033
974
1004
1019
850
1056
987
1397
955
1014
863
1036
1149
1232
1008
1115
1051
2897
1001
971
1164
1108
1004
1195
1005
1054
1187
967
1015
919
1025
1040
973
1003
907
1229
1127
943
962
934
1128
1034
937
952
968
966
1326
1125
1023
1009
966
1250
974
1070
1021
934
909
951
1061
1170
949
989
996
908
974
958
963
1079
969
952
949
1127
10659
1077
1252
1209
1166
1101
945
995
1284
1032
1042
963
994
976
1108
995
1111
1039
1183
1010
1005
1041
985
991
1011
1019
1157
1056
1281
1173
1245
946
1247
1052
1039
1138
1031
989
949
1292
986
1044
1021
1690
1248
1207
1195
1389
2885
1013
1044
1070
1130
1006
1092
1048
1263
1051
1515
1612
1015
1040
1193
1039
981
1105
1499
1044
1049
849
969
1322
1078
1038
1117
1222
1949
1133
1058
1312
1171
1290
994
1436
979
1014
975
1080
1107
1072
18366
1102
1033
1295
1067
1010
984
1050
4708
1146
1064
926
1001
1011
1057
1048
1038
957
1011
1290
1250
1720
1222
1007
1173
1014
1116
995
996
979
1024
1016
1430
1020
1040
1147
1130
1340
1265
993
1017
955
1128
1041
1008
945
1060
1179
1078
1210
1812
1107
3556
1073
936
964
1030
1038
1229
1084
940
948
1075
2487
998
1091
1178
1163
963
1089
1039
973
1046
992
999
5335
899
1145
986
1025
1266
940
1147
941
1071
1197
968
1283
961
1439
1113
1011
954
1124
1044
1019
996
1118
1140
1070
1161
1301
1105
1109
1026
1031
1230
1064
962
1107
969
1121
990
948
968
1033
1084
955
971
1023
903
975
1078
3034
1026
972
1107
953
982
940
1026
960
959
937
936
940
924
929
1028
927
942
1095
1340
931
1006
1000
959
966
959
969
929
988
1144
1023
983
932
963
1005
1075
953
950
1093
975
970
1256
1078
944
949
935
1064
938
1065
1002
1041
896
988
983
958
1363
978
1049
953
988
1016
926
1039
1079
1052
1071
952
1070
940
996
1036
1053
947
1309
976
1032
1193
972
1060
992
1071
980
905
952
980
995
1001
994
972
1055
1248
1026
1102
1103
945
1192
991
1123
1021
995
973
966
970
941
945
1038
946
942
1616
955
940
975
985
994
982
947
912
1041
979
974
940
1048
1012
1065
1032
982
6772
993
1055
1261
971
1124
1043
1026
1171
932
1237
1029
953
955
1185
1023
953
972
908
1103
937
1006
1010
1294
1121
922
927
4736
1176
993
1024
946
994
1014
991
979
1523
1009
1001
2070
986
1056
1081
1012
986
1088
1026
1004
1009
1144
1119
1030
979
1026
1007
968
1046
1004
968
1105
1070
1071
1233
1109
1022
1110
1032
934
1076
933
955
1037
946
1036
1123
1002
961
1123
979
1128
1140
1072
1362
951
1061
1066
1021
1032
1045
1000
1220
942
921
1001
1005
1112
999
949
984
1639
993
1048
2516
1014
958
1016
944
905
940
946
1023
1041
1070
1009
2800
971
999
1085
1027
960
979
1209
1045
1287
1104
1077
1156
1065
965
1042
1038
1025
1102
1094
1029
1126
1004
1096
1016
1057
984
981
963
1210
1343
1067
988
1046
953
972
1011
962
1011
1163
1045
1005
999
965
1014
1006
1077
962
971
1102
1023
945
951
1149
1044
1117
1029
1186
1244
1029
1955
987
1023
1050
999
8471
1528
1145
936
979
955
1057
1002
1016
1028
1409
1001
1076
981
985
1119
3033
1005
1009
1225
1234
953
1062
2587
1177
1191
1120
1148
1005
1588
1193
1036
1020
980
995
1154
1166
938
982
947
1021
1105
968
1047
982
989
1041
1108
1121
1737
1040
1182
988
1098
1147
981
1084
1048
1102
1105
1145
1631
980
1031
1095
1119
1011
1254
1272
1264
1296
1278
1050
1037
981
1008
1110
1053
1029
1207
1297
1258
1039
998
1747
995
1084
1037
950
1028
1078
1049
978
1021
1058
1173
962
1908
1056
1940
1105
1054
1143
1107
1012
998
1008
1018
1012
1055
1007
4563
994
989
970
937
912
968
992
1063
986
1057
981
1049
1359
1166
3199
1105
970
1009
1466
1078
964
985
1495
970
975
1054
1057
1020
1303
1058
1415
1009
1066
994
1046
984
988
1024
1065
976
964
954
1002
3834
968
982
1062
998
1043
995
1163
1041
1037
956
947
1755
961
1045
999
955
1016
988
968
1020
1029
994
1049
2161
1156
990
1153
1133
1261
1097
986
1266
1785
1154
3731
1029
973
993
1042
940
1062
948
987
961
986
1121
1027
1041
1033
976
955
1040
1096
1290
1113
1150
1015
1323
1030
966
938
2437
945
993
923
958
1463
1362
996
890
964
2225
985
986
5289
1051
1025
969
995
993
1004
1120
1083
982
1152
1066
1125
1012
1513
1123
1012
1042
998
1205
1106
1153
1072
973
1694
1461
997
1016
1238
989
953
4813
908
924
953
1025
1027
1048
1013
1170
1140
995
969
1145
970
960
984
1006
961
1003
910
1018
1112
957
946
1308
938
954
957
947
1003
999
1009
945
1004
1051
993
950
950
1008
1271
1166
1030
1093
955
968
951
955
970
1272
937
3759
1175
891
941
1077
924
988
1059
1143
1187
985
1152
1278
994
992
1060
976
1026
1010
1125
1078
928
1132
948
945
996
1300
973
1446
983
1120
1005
928
1369
1121
1098
987
923
1304
1014
947
991
987
978
1253
997
1020
952
984
970
984
954
1444
927
1081
956
1020
927
944
1134
936
907
953
910
925
1008
960
1044
1034
960
957
957
1004
926
1215
934
993
990
1059
1507
1385
952
918
1017
989
946
903
970
956
982
941
967
1007
949
943
1005
1495
1009
989
953
943
940
933
951
1147
981
978
992
982
999
930
972
1032
956
936
971
992
946
979
945
931
947
954
951
959
935
950
1491
1095
1057
965
950
1330
1088
960
982
950
989
923
968
1167
1224
968
1189
1101
969
950
941
970
1011
1192
961
972
926
1135
1074
954
1008
1118
973
979
1031
1019
1041
978
964
1003
1052
1010
1135
1197
1114
1085
1299
1042
1257
1000
1033
1124
1015
1070
1025
987
1121
989
986
983
1012
1169
1195
1157
977
1018
954
1433
1229
1118
1106
1065
955
1020
1082
1034
1040
1026
1228
1410
1193
1094
926
651
917
933
949
1216
952
1103
984
884
1169
997
981
948
1090
1089
974
1043
1070
980
986
961
1167
987
1831
1074
1066
1083
1201
1027
1286
1694
1145
663
1520
937
2119
992
1053
2220
1075
1515
1603
1002
1043
1021
1032
994
1087
1018
987
1062
948
985
1007
951
921
1060
1112
1101
967
981
1168
1180
1017
1029
1197
1028
971
1997
1010
1069
1145
1150
1146
993
1032
955
1049
1147
1012
959
989
967
951
1049
1334
1316
1051
979
1111
1085
968
1336
1204
1135
963
947
1142
1021
1006
1024
1038
1073
975
1017
938
1144
970
957
1197
1040
979
975
1161
1152
1146
1154
909
1070
1012
989
1021
1058
1196
1117
1098
1063
1152
1081
1283
1058
1186
1001
941
1000
1131
1087
978
1109
1094
2995
924
1178
1344
1041
1213
1182
1087
990
1057
1010
973
989
1124
1039
1035
1069
902
975
1381
1298
1069
1062
944
999
1034
993
1064
1076
1035
1065
951
986
1012
946
972
1056
1013
1098
1016
1074
1022
1071
960
1193
1055
1135
1000
938
958
1072
1004
1099
1205
1181
1073
1270
1280
1102
960
990
956
1229
1096
1709
1110
960
972
1124
930
1030
958
1254
1011
995
931
1263
958
931
1022
997
999
966
964
994
959
990
953
1066
1077
1056
1011
943
955
999
1021
956
923
915
958
934
1161
952
1289
947
1201
962
950
963
944
948
1337
1298
1010
1027
1055
960
957
963
1005
1057
908
1005
965
936
900
933
996
910
931
1434
1011
969
950
879
1161
993
1038
963
1045
1570
1022
1146
1028
983
945
1513
902
957
1126
1341
909
958
898
986
1043
975
982
1056
976
910
945
986
926
933
986
954
955
1080
1035
951
1288
930
1031
972
1021
1051
1003
1287
5745
1016
1004
1045
1119
1048
926
997
1011
1005
1010
1029
1094
1069
1025
1248
1036
899
966
985
1027
994
925
925
948
1036
915
1088
1147
1121
976
939
968
1251
1029
999
1009
1301
1391
1088
982
1014
1169
1093
1009
1076
1168
1231
1012
1154
1230
1040
1102
1268
1062
1143
1529
1026
1198
1080
1197
1003
1136
1072
1017
1127
1672
1525
1026
1735
1165
1220
1023
1492
1536
1230
1508
1537
1584
1494
1350
1072
1178
1015
1539
1246
1103
1471
996
1016
982
1221
1520
1093
1120
1076
1008
1078
1380
1365
1009
1157
1023
1128
1233
1013
1114
1156
1042
1311
4922
1298
1116
1537
1259
993
1269
1041
1019
1012
1056
991
1060
1038
1018
994
1460
1112
1048
1342
988
966
1438
987
1222
1280
1110
1091
1311
1084
1199
1356
1019
1081
1029
1162
1049
1037
1301
1219
1053
1106
1198
1043
1446
1493
1560
1567
1582
1141
953
1035
1238
1015
1104
965
992
984
1099
1206
983
1188
1137
1032
1009
1297
1028
985
877
977
1188
987
1021
1030
1019
1051
945
970
3743
2076
2548
845
493
506
543
584
746
384
1016
463
526
800
628
608
957
618
577
603
585
583
570
550
565
698
821
586
785
676
577
781
639
700
556
628
688
870
635
542
609
709
721
708
681
683
747
708
581
583
759
1001
769
604
559
745
632
615
566
563
851
567
424
819
980
765
3374
890
681
576
961
688
639
742
672
952
3155
635
666
797
720
804
668
700
701
1156
856
601
651
1018
10997
609
684
749
724
591
3975
709
858
663
841
933
2258
685
710
694
585
700
656
670
754
564
560
590
629
718
640
658
666
561
594
656
690
734
936
614
696
586
611
615
684
618
986
844
703
673
715
807
921
655
745
1047
590
684
1744
674
717
590
1120
682
786
685
675
715
924
861
604
781
737
942
722
688
644
843
851
786
590
644
794
674
733
824
623
655
517
621
710
603
711
638
657
760
643
866
764
873
727
623
832
631
816
803
853
762
670
759
868
608
706
779
613
975
650
697
682
662
557
659
581
601
598
645
625
844
579
649
605
621
553
632
656
632
699
691
687
834
720
727
717
628
665
672
761
791
10898
974
645
555
597
783
624
634
568
590
692
612
631
649
603
742
733
648
689
574
554
560
541
534
713
629
729
584
539
640
551
591
577
608
570
811
634
568
629
656
871
562
589
654
609
583
601
609
655
710
1146
699
811
2392
668
713
676
695
746
669
750
708
674
636
649
632
676
800
1182
1282
697
612
568
798
623
557
582
560
604
821
692
694
622
671
595
633
590
596
578
613
947
533
690
547
696
603
621
609
563
630
1213
555
674
1040
772
616
679
806
653
527
561
549
713
676
683
653
676
588
846
918
1053
659
694
628
720
687
672
570
609
569
718
670
638
659
676
651
630
622
450
682
621
640
590
650
867
772
718
1017
661
647
654
678
561
636
640
1324
579
664
1186
568
602
838
2148
687
718
793
840
916
602
588
776
620
661
638
580
693
657
685
744
1758
631
658
769
623
697
760
1104
1120
727
1051
1087
1320
922
835
604
794
771
710
661
636
680
1479
878
972
606
927
1066
661
618
632
606
626
832
699
672
585
731
1324
1180
622
816
738
807
647
935
848
708
719
1269
1335
869
663
6966
997
550
541
550
538
1978
650
1129
836
634
653
657
667
641
669
681
791
692
664
646
577
694
606
553
792
1011
642
804
568
806
660
1139
817
719
638
673
1355
2000
2242
636
850
678
743
1249
655
755
660
710
685
570
644
1088
662
642
575
647
665
615
691
630
620
713
1314
692
647
896
629
568
702
585
606
570
667
675
1094
548
676
652
581
630
626
585
667
678
725
1538
602
583
649
625
659
601
650
814
654
597
598
647
560
730
2903
812
568
769
548
674
718
628
608
638
605
613
584
793
642
629
586
629
643
790
919
643
653
577
596
664
797
876
624
705
566
637
760
577
663
636
710
636
672
684
761
576
701
582
650
548
570
696
647
692
875
759
659
630
644
558
1769
576
698
579
662
644
793
641
712
585
766
701
681
568
721
691
667
776
588
575
617
635
640
583
633
655
566
595
670
2087
723
661
545
593
596
655
642
971
863
631
647
577
717
559
586
644
606
609
996
641
977
805
702
775
637
695
803
1521
640
729
634
741
723
638
629
573
999
1168
586
588
659
566
744
594
563
1490
612
731
620
771
721
757
646
721
847
685
1258
655
1344
692
592
668
617
572
720
690
751
596
773
1274
770
873
564
740
730
706
717
615
557
631
649
638
651
1223
673
614
657
880
652
1916
707
702
607
900
881
590
606
667
842
596
2015
757
804
704
739
632
613
3937
779
649
928
803
711
640
835
612
567
653
646
670
678
882
619
637
615
689
630
738
608
595
664
639
960
615
642
675
607
933
852
678
635
644
661
621
744
973
588
559
613
610
908
845
732
653
612
780
667
660
767
735
775
890
652
940
573
597
717
576
753
930
634
622
783
2299
1023
912
1099
924
647
741
1238
592
561
569
690
654
664
775
575
594
697
566
601
604
603
637
540
527
656
647
623
557
530
570
653
751
547
606
641
589
679
557
631
637
912
693
635
609
670
645
630
892
699
729
1081
682
816
700
596
724
621
633
1168
600
672
583
562
565
568
682
611
937
850
776
584
576
626
680
679
576
649
655
589
845
740
650
803
704
762
436
646
565
602
695
822
563
601
637
759
756
556
597
662
565
1983
559
590
607
595
577
587
547
779
598
676
664
599
559
663
672
608
730
644
770
918
654
583
594
616
771
670
1095
560
654
567
614
569
614
606
587
803
595
564
897
582
717
753
867
712
996
637
1045
875
753
589
632
670
745
628
638
597
620
765
2067
664
622
594
593
576
574
621
735
754
602
618
415
827
623
1107
765
661
676
1208
647
716
614
608
699
799
815
602
1096
659
1645
689
650
588
628
689
793
637
733
567
577
673
607
751
589
623
732
612
774
1029
861
561
602
601
757
712
572
680
585
660
564
571
627
1076
701
1145
644
595
597
734
841
735
614
730
644
616
588
579
631
639
791
682
646
638
665
783
683
673
656
971
621
645
671
563
647
578
691
814
852
771
680
658
731
715
627
673
583
566
502
625
660
640
704
930
834
973
2087
568
609
577
665
721
671
1408
562
608
805
706
588
678
967
688
564
595
554
727
625
742
707
804
574
720
661
727
610
580
580
625
640
714
627
955
894
684
672
602
571
574
646
696
706
614
689
708
754
595
597
658
690
606
1070
677
878
594
606
597
703
706
634
668
805
571
708
720
946
575
580
787
630
649
698
677
597
590
643
718
649
1220
819
691
576
587
579
655
2861
796
848
619
788
669
599
658
719
702
655
649
589
582
629
748
689
765
874
615
595
646
616
642
689
791
572
4764
677
4920
640
587
606
808
624
602
584
648
557
886
654
679
686
577
671
667
665
628
730
790
772
597
622
1010
645
864
664
642
679
1798
629
3893
708
657
2192
945
811
620
943
623
595
632
595
570
577
1478
609
697
801
602
587
638
558
743
566
644
637
580
699
602
589
621
556
567
613
588
691
722
704
768
719
654
1013
719
881
582
785
611
769
677
618
753
670
874
703
580
1096
673
766
696
607
728
624
713
579
628
615
634
701
598
893
567
568
578
572
564
2550
727
743
1408
753
573
595
1617
695
706
612
582
675
1126
691
585
583
638
727
617
610
577
983
608
3195
589
664
645
830
629
622
577
638
630
713
598
593
634
634
555
666
759
604
592
561
559
588
642
623
567
377
614
934
595
633
855
570
592
638
576
550
559
834
719
594
573
604
652
777
687
567
1720
562
563
602
594
566
639
643
583
814
559
758
791
578
658
548
567
699
630
639
663
639
733
612
585
589
563
566
377
742
627
604
972
552
567
696
581
756
617
602
692
567
686
602
553
664
561
550
583
715
678
637
667
631
774
643
627
689
672
652
636
741
559
624
870
570
611
870
554
579
554
601
582
556
743
740
572
559
637
612
564
657
567
624
543
681
689
543
785
645
578
558
552
568
566
902
543
592
513
558
560
580
673
606
548
560
553
566
558
586
587
674
651
597
630
598
542
598
589
926
644
556
841
537
554
617
727
651
626
749
586
814
586
770
912
664
624
600
741
578
656
895
709
757
789
674
644
689
742
574
745
867
637
645
590
714
606
558
629
677
558
696
638
612
560
586
557
564
614
552
596
584
553
601
709
551
690
586
568
565
601
556
553
578
634
652
656
597
837
555
551
576
817
736
686
604
555
595
1192
885
558
562
553
553
679
561
656
575
925
724
698
695
698
660
679
563
574
776
743
748
638
648
785
711
704
641
790
647
709
567
650
677
676
725
649
612
618
634
619
983
700
712
890
765
916
738
640
654
832
657
662
814
657
671
628
600
588
705
669
613
780
628
611
605
591
564
761
597
564
568
742
788
564
695
667
582
696
1545
553
807
960
667
698
662
625
758
686
568
802
544
586
901
575
571
571
633
771
683
911
897
888
637
723
644
626
848
918
714
548
643
599
605
690
558
673
636
745
649
565
631
656
643
643
565
675
582
559
622
777
688
640
640
612
920
863
706
758
672
677
707
725
670
664
705
647
613
569
587
550
593
611
630
567
588
679
747
635
799
840
746
746
590
645
564
2372
750
604
592
664
572
558
613
601
583
626
601
664
553
816
636
655
577
639
637
571
577
586
631
590
730
696
644
1582
591
845
683
614
572
566
623
621
574
563
669
646
625
636
612
695
701
642
565
650
1012
589
832
598
552
551
804
672
691
575
753
861
693
676
736
631
562
725
713
566
596
598
728
692
695
629
560
587
815
809
713
697
605
636
772
605
764
897
2052
775
1512
778
1036
652
1554
741
597
561
624
557
702
613
547
556
542
707
631
778
640
549
560
557
726
687
928
689
827
597
712
582
630
698
880
592
580
704
613
587
746
627
556
564
554
583
652
575
782
671
690
560
565
1513
557
599
653
752
586
689
607
610
569
889
665
638
722
772
535
390
694
547
578
587
540
646
564
614
621
650
681
610
621
584
609
751
915
649
724
594
593
599
659
617
593
670
630
668
921
575
628
655
652
596
661
600
626
573
736
579
622
657
565
624
571
557
563
608
651
970
608
560
562
591
749
566
549
598
556
585
644
708
633
620
582
608
912
581
582
589
666
657
551
668
625
731
599
696
628
646
550
628
543
556
570
616
564
770
738
553
712
556
766
689
616
624
600
609
593
713
615
596
634
619
597
640
1502
596
12662
646
617
615
998
669
1432
636
605
678
609
584
649
621
640
651
717
828
577
569
681
628
553
579
8734
612
578
649
607
608
668
580
632
750
588
588
611
654
809
615
614
656
600
766
618
597
605
662
634
626
600
649
620
3421
601
691
597
735
739
737
613
613
588
614
563
578
653
584
655
742
686
605
595
648
601
673
598
614
606
589
579
627
587
602
606
670
650
623
610
643
620
624
589
599
568
603
616
580
896
720
588
586
618
653
602
630
569
570
571
617
637
571
566
589
588
582
585
760
576
578
611
577
666
618
638
576
1015
640
620
692
677
713
652
684
648
654
614
633
596
931
622
639
662
637
598
676
621
724
632
671
602
686
708
570
643
1151
822
668
722
673
1328
570
762
620
586
649
579
687
607
580
619
605
626
601
657
1045
576
616
941
613
589
589
639
584
647
603
634
802
642
602
727
597
842
646
632
599
613
736
635
613
577
590
647
619
659
604
609
614
619
657
699
633
644
755
1606
631
642
663
620
693
641
638
653
601
637
651
609
617
630
663
574
620
594
583
604
661
607
625
4573
591
603
626
622
647
941
599
621
587
613
618
574
583
591
648
611
662
605
1063
573
610
620
1259
574
601
606
634
645
669
2566
582
582
1291
614
590
616
585
672
1572
597
585
598
704
667
590
614
569
597
591
682
723
758
665
604
616
639
666
701
757
747
648
632
570
659
1079
666
826
669
895
635
752
588
580
783
691
578
3566
545
668
611
541
656
557
717
662
673
673
650
605
691
614
735
688
743
1014
759
633
654
588
659
777
716
775
700
577
646
889
616
642
661
621
824
701
612
588
638
590
691
643
547
706
684
873
775
597
690
570
575
645
590
563
731
629
683
608
735
757
556
981
672
592
857
636
585
1412
1908
982
629
719
645
711
2022
640
657
613
670
757
779
753
645
823
614
615
935
700
765
741
910
711
654
931
562
651
551
621
660
683
547
592
723
634
646
643
683
556
696
575
619
632
602
699
634
630
852
686
678
702
2048
589
832
686
674
931
1265
829
643
701
712
655
616
661
652
625
640
685
577
895
692
691
628
540
546
650
955
998
648
666
623
657
603
600
549
668
1029
631
603
560
592
863
712
551
1064
669
636
615
563
573
621
629
639
601
563
566
673
562
683
648
623
594
587
599
797
946
564
563
678
540
651
720
722
624
554
557
619
590
624
545
547
541
553
647
641
575
771
782
572
540
611
616
646
538
764
669
612
645
660
678
923
576
644
621
557
554
654
644
728
533
591
683
1866
625
670
549
549
558
654
659
634
549
751
630
536
672
621
551
346
619
596
571
585
715
564
755
762
538
555
352
663
642
654
612
574
559
633
741
642
638
600
560
690
594
735
745
571
700
550
676
596
689
580
637
536
560
830
702
659
602
765
680
600
668
546
567
668
600
658
672
580
694
630
688
585
696
592
720
698
669
559
883
667
662
728
708
838
513
556
544
691
618
714
554
661
558
600
580
573
551
587
609
593
691
621
633
809
723
621
880
666
680
616
649
584
736
641
593
689
682
565
633
582
671
648
594
628
679
618
675
655
630
589
729
648
609
637
658
691
656
615
644
583
662
723
1498
573
632
864
604
663
622
658
626
554
613
920
606
721
636
576
649
595
549
556
663
528
799
557
551
562
646
712
712
649
725
544
666
575
585
593
957
569
709
653
605
652
569
551
679
633
608
706
720
680
585
642
739
676
530
566
584
640
678
651
537
614
555
595
711
913
658
662
563
696
593
592
667
825
561
679
664
762
728
709
554
679
676
3778
557
638
633
1056
596
710
580
694
624
623
576
613
720
660
707
662
558
646
673
547
651
665
597
599
599
648
661
682
600
573
799
795
752
672
599
566
662
732
583
641
765
862
593
684
710
764
605
584
716
631
588
659
653
649
594
585
1276
618
815
1159
902
544
612
601
634
761
595
554
632
658
787
1091
641
700
616
560
583
567
7887
814
692
902
3939
667
656
621
623
601
640
677
595
582
678
695
803
654
751
615
1102
914
575
665
644
586
580
592
707
730
637
724
656
748
807
636
966
603
598
672
652
667
600
527
581
617
672
671
630
704
622
580
632
646
598
636
586
731
685
720
546
606
651
572
698
638
602
565
814
558
778
646
635
565
652
805
583
744
564
984
909
980
953
790
755
769
548
589
571
570
561
593
690
644
667
1055
1032
731
694
689
690
577
737
606
655
669
735
575
633
621
711
725
940
586
726
557
566
675
780
588
653
872
611
635
593
662
787
782
684
669
687
687
603
654
610
661
578
618
665
551
649
547
564
658
797
605
675
615
573
1002
573
627
684
578
397
732
685
1100
676
692
769
1294
641
588
741
609
551
582
601
661
710
705
564
662
632
605
567
598
635
667
573
693
669
815
636
1204
613
700
658
752
714
5886
602
605
640
909
618
1018
611
772
684
677
628
572
690
604
574
635
658
630
603
648
889
623
677
874
870
566
603
1018
722
957
1157
835
665
571
575
642
679
676
665
767
688
1080
605
765
827
660
617
620
612
701
1115
584
721
662
584
659
651
695
632
665
577
587
566
576
563
563
825
576
699
591
649
731
677
627
1043
734
905
626
652
734
740
619
725
629
651
647
595
960
714
977
783
571
700
1043
785
662
1540
613
572
624
656
666
693
699
582
884
846
574
594
619
616
588
605
762
635
611
763
638
568
751
707
764
690
688
660
783
694
703
719
581
630
541
750
675
564
958
693
680
715
721
544
645
724
654
544
554
540
727
666
599
569
574
833
631
3045
611
663
636
594
613
699
632
590
713
684
600
564
619
894
787
637
629
738
679
681
829
846
665
702
768
873
1092
873
2742
598
770
660
668
632
617
817
625
779
788
662
727
568
787
557
596
583
641
727
557
584
741
698
805
1024
631
662
801
590
1662
643
561
569
590
681
609
820
926
741
618
665
662
661
699
597
688
973
561
574
672
623
662
1795
587
701
582
599
1270
656
571
573
600
570
624
615
625
595
739
674
572
711
629
554
723
641
720
677
572
591
564
665
564
676
685
682
583
764
575
645
1024
599
651
644
692
595
736
898
591
933
678
723
719
716
716
626
598
742
574
571
605
965
687
801
993
640
580
662
587
572
894
884
589
622
651
618
647
619
666
715
561
595
655
665
786
578
618
591
619
620
601
791
837
573
811
718
708
1164
657
568
730
700
715
1183
751
930
752
617
640
570
767
554
597
620
599
768
567
691
548
658
558
667
673
583
583
644
579
1035
553
712
694
570
835
608
807
639
580
567
544
597
637
640
568
1015
835
730
594
783
588
662
596
686
592
634
613
588
726
570
601
571
714
599
675
563
699
585
691
858
634
618
614
565
691
556
568
568
624
598
658
613
999
613
725
712
570
592
652
726
579
586
815
1752
684
705
655
1607
861
1262
896
721
898
929
711
573
569
679
676
936
949
568
646
631
802
894
737
577
710
580
631
668
655
571
555
803
875
600
744
567
561
604
870
786
564
698
577
566
578
675
622
685
919
849
660
599
693
596
653
3803
2714
587
700
630
585
698
619
788
676
575
576
615
580
616
565
582
658
673
654
710
619
648
579
559
774
610
601
695
684
700
605
574
759
856
651
590
561
644
588
948
617
1009
582
904
660
980
576
658
752
665
890
577
607
606
669
578
567
691
920
576
560
1021
629
850
605
631
620
704
752
559
586
576
593
645
625
905
626
669
649
573
748
673
606
1027
654
550
564
661
616
581
579
571
821
673
699
745
788
614
789
625
815
595
758
675
613
653
659
685
675
613
955
649
660
695
760
703
594
640
644
577
565
568
623
685
706
720
566
556
788
840
1135
657
698
701
672
589
559
716
644
874
665
2850
783
705
697
976
703
635
567
713
762
553
577
565
615
702
2310
577
700
713
722
680
867
653
595
881
737
657
615
678
574
667
720
683
569
685
846
407
647
563
903
583
686
654
674
876
564
1041
621
676
650
995
742
1040
668
617
605
791
605
2732
679
762
617
735
593
702
813
810
702
1561
614
633
1513
619
539
638
784
592
749
769
796
695
556
562
703
805
605
693
598
618
716
607
749
536
593
597
617
623
597
603
536
618
540
661
576
649
658
592
645
954
604
638
701
928
651
667
583
545
543
798
663
606
866
592
644
558
564
562
667
590
554
699
561
622
585
633
583
992
1032
595
604
644
768
800
740
748
646
579
561
669
739
546
683
636
610
747
580
676
741
777
730
795
579
640
616
597
677
564
598
681
700
639
719
716
636
669
560
583
568
813
1151
617
700
667
604
660
581
711
784
677
998
768
883
741
680
535
722
646
672
541
631
560
645
824
599
631
602
645
680
557
611
551
619
556
630
723
566
696
638
647
595
544
625
573
601
693
617
707
534
727
635
613
554
622
590
562
556
550
738
557
590
543
546
766
527
1197
541
561
655
697
522
680
611
646
560
643
1142
788
769
552
615
575
560
584
572
733
587
578
652
1052
744
657
647
580
786
632
599
555
551
579
557
556
606
1137
699
637
603
644
595
895
567
677
534
657
1171
621
576
562
694
613
558
550
573
580
684
655
980
688
565
702
586
681
721
703
606
664
716
687
603
654
610
661
578
618
665
551
649
547
564
658
797
605
675
615
573
1002
573
627
684
578
397
732
685
1100
676
692
769
1294
641
588
741
609
551
582
601
661
710
705
564
662
632
605
567
598
635
667
573
693
669
815
636
1204
613
700
658
752
714
5886
602
605
640
909
618
1018
611
772
684
677
628
572
690
604
574
635
658
630
603
648
889
623
677
874
870
566
603
1018
722
957
1157
835
665
571
575
642
679
676
665
767
688
1080
605
765
827
660
617
620
612
701
1115
584
721
662
584
659
651
695
632
665
577
587
566
576
563
563
825
576
699
591
649
731
677
627
1043
734
905
626
652
734
740
619
725
629
651
647
595
960
714
977
783
571
700
1043
785
662
1540
613
572
624
656
666
693
699
582
884
846
574
594
619
616
588
605
762
635
611
763
638
568
751
707
764
690
688
660
783
694
703
719
581
630
541
750
675
564
958
693
680
715
721
544
645
724
654
544
554
540
727
666
599
569
574
833
631
3045
611
663
636
594
613
699
632
590
713
684
600
564
619
894
787
637
629
738
679
681
829
846
665
702
768
873
1092
873
2742
598
770
660
668
632
617
817
625
779
788
662
727
568
787
557
596
583
641
727
557
584
741
698
805
1024
631
662
801
590
1662
643
561
569
590
681
609
820
926
741
618
665
662
661
699
597
688
973
561
574
672
623
662
1795
587
701
582
599
1270
656
571
573
600
570
624
615
625
595
739
674
572
711
629
554
723
641
720
677
572
591
564
665
564
676
685
682
583
764
575
645
1024
599
651
644
692
595
736
898
591
933
678
723
719
716
716
626
598
742
574
571
605
965
687
801
993
640
580
662
587
572
894
884
589
622
651
618
647
619
666
715
561
595
655
665
786
578
618
591
619
620
601
791
837
573
811
718
708
1164
657
568
730
700
715
1183
751
930
752
617
640
570
767
554
597
620
599
768
567
691
548
658
558
667
673
583
583
644
579
1035
553
712
694
570
835
608
807
639
580
567
544
597
637
640
568
1015
835
730
594
783
588
662
596
686
592
634
613
588
726
570
601
571
714
599
675
563
699
585
691
858
634
618
614
565
691
556
568
568
624
598
658
613
999
613
725
712
570
592
652
726
579
586
815
1752
684
705
655
1607
861
1262
896
721
898
929
711
573
569
679
676
936
949
568
646
631
802
894
737
577
710
580
631
668
655
571
555
803
875
600
744
567
561
604
870
786
564
698
577
566
578
675
622
685
919
849
660
599
693
596
653
3803
2714
587
700
630
585
698
619
788
676
575
576
615
580
616
565
582
658
673
654
710
619
648
579
559
774
610
601
695
684
700
605
574
759
856
651
590
561
644
588
948
617
1009
582
904
660
980
576
658
752
665
890
577
607
606
669
578
567
691
920
576
560
1021
629
850
605
631
620
704
752
559
586
576
593
645
625
905
626
669
649
573
748
673
606
1027
654
550
564
661
616
581
579
571
821
673
699
745
788
614
789
625
815
595
758
675
613
653
659
685
675
613
955
649
660
695
760
703
594
640
644
577
565
568
623
685
706
720
566
556
788
840
1135
657
698
701
672
589
559
716
644
874
665
2850
783
705
697
976
703
635
567
713
762
553
577
565
615
702
2310
577
700
713
722
680
867
653
595
881
737
657
615
678
574
667
720
683
569
685
846
407
647
563
903
583
686
654
674
876
564
1041
621
676
650
995
742
1040
668
617
605
791
605
2732
679
762
617
735
593
702
813
810
702
1561
614
633
1513
619
539
638
784
592
749
769
796
695
556
562
703
805
605
693
598
618
716
607
749
536
593
597
617
623
597
603
536
618
540
661
576
649
658
592
645
954
604
638
701
928
651
667
583
545
543
798
663
606
866
592
644
558
564
562
667
590
554
699
561
622
585
633
583
992
1032
595
604
644
768
800
740
748
646
579
561
669
739
546
683
636
610
747
580
676
741
777
730
795
579
640
616
597
677
564
598
681
700
639
719
716
636
669
560
583
568
813
1151
617
700
667
604
660
581
711
784
677
998
768
883
741
680
535
722
646
672
541
631
560
645
824
599
631
602
645
680
557
611
551
619
556
630
723
566
696
638
647
595
544
625
573
601
693
617
707
534
727
635
613
554
622
590
562
556
550
738
557
590
543
546
766
527
1197
541
561
655
697
522
680
611
646
560
643
1142
788
769
552
615
575
560
584
572
733
587
578
652
1052
744
657
647
580
786
632
599
555
551
579
557
556
606
1137
699
637
603
644
595
895
567
677
534
657
1171
621
576
562
694
613
558
550
573
580
684
655
980
688
565
702
586
681
721
703
606
664
716
