727
701
586
531
449
566
467
469
552
570
571
551
697
509
571
493
442
512
457
515
557
525
647
477
572
496
576
510
479
550
593
482
484
498
482
479
995
501
535
464
537
618
527
454
838
454
523
534
443
637
496
454
566
465
484
444
457
724
437
517
585
459
446
450
1013
711
436
629
459
526
601
550
564
500
725
690
505
825
479
511
460
612
777
1449
2091
574
510
977
437
566
643
622
497
454
707
531
479
652
454
432
466
635
487
471
567
524
699
589
487
542
464
618
556
585
673
560
596
499
440
413
710
673
577
458
457
442
644
517
438
464
474
440
641
614
553
725
446
622
424
447
1097
510
610
448
709
587
738
607
479
501
541
606
496
641
474
599
538
572
489
559
643
629
583
513
512
572
607
567
743
647
374
729
683
514
743
604
699
582
440
522
455
456
540
643
538
612
494
523
529
674
592
550
641
518
862
586
501
551
454
537
442
448
445
466
549
437
555
458
592
640
480
516
534
561
533
450
604
575
674
457
549
609
1077
576
509
622
499
530
475
543
609
590
557
458
559
456
507
640
452
544
507
534
545
442
520
445
527
586
515
567
476
665
551
523
467
551
566
544
503
598
454
577
477
543
541
612
543
564
617
594
557
567
751
584
630
604
558
473
455
536
470
471
719
551
661
456
559
495
478
476
523
950
703
589
661
941
566
564
635
527
611
834
449
544
452
540
441
526
538
467
541
628
577
554
470
500
573
494
530
538
487
471
613
382
547
568
528
493
543
513
545
531
603
452
444
447
572
519
443
486
555
484
606
496
483
474
547
570
624
474
907
447
543
628
522
455
761
478
544
533
465
654
540
478
1053
577
601
443
585
726
451
449
517
455
431
585
492
553
435
472
554
811
595
477
594
527
456
527
471
552
525
666
511
486
545
472
454
448
795
581
849
512
460
498
454
469
469
603
607
607
514
516
567
742
610
505
514
499
545
459
487
661
2129
484
494
558
778
476
567
456
551
597
671
461
639
876
482
562
1004
445
461
540
535
832
607
502
547
464
542
480
486
450
658
512
447
525
744
568
502
535
458
682
438
513
455
447
577
518
574
465
524
510
613
544
514
540
606
705
705
944
537
682
690
478
611
650
601
570
515
495
557
611
482
703
450
488
517
614
529
505
519
446
510
731
474
600
450
621
463
561
529
561
471
562
858
591
553
541
553
527
600
638
811
539
547
527
541
483
588
1575
625
649
667
543
712
456
506
435
623
528
445
576
564
422
692
615
768
452
581
445
507
513
508
531
627
646
431
459
809
563
702
576
762
716
687
507
1047
568
677
659
562
577
713
604
489
977
440
497
835
470
440
503
474
546
504
475
514
476
549
531
457
558
441
642
505
525
469
541
477
434
529
576
520
508
447
538
492
620
475
507
448
446
532
480
493
450
492
500
582
640
548
617
530
577
589
455
526
429
472
559
467
533
678
499
493
488
600
502
480
485
530
525
632
558
590
459
511
529
528
490
581
537
648
529
595
556
457
628
430
601
523
542
490
431
430
535
533
515
554
536
591
813
476
430
542
426
439
510
447
622
716
438
425
573
437
531
509
533
447
588
520
525
472
586
458
464
604
302
474
503
497
536
522
527
851
449
513
512
456
523
535
510
482
558
475
456
466
507
574
532
465
455
460
467
443
519
304
492
986
461
460
535
486
437
519
453
504
438
452
919
470
463
483
775
736
556
543
594
444
450
587
340
495
473
511
516
542
566
456
549
470
476
518
436
485
512
492
543
487
436
602
443
498
450
513
523
523
571
469
527
792
517
471
520
533
529
616
504
529
481
503
499
499
447
829
545
512
434
455
582
593
541
469
430
449
516
548
438
511
588
445
426
623
522
534
913
471
546
502
424
562
446
549
501
535
455
512
445
552
496
471
431
474
553
424
438
547
539
513
448
619
594
649
660
716
601
456
439
426
501
536
495
448
496
597
645
582
530
452
541
522
456
528
506
638
480
465
447
546
494
433
496
1052
503
467
496
724
541
449
515
516
433
532
582
446
530
558
462
468
512
523
563
503
525
562
458
445
670
518
497
505
465
528
546
476
450
511
535
595
490
441
573
460
598
630
547
442
528
503
476
449
549
479
482
538
511
503
511
572
517
514
443
428
767
504
559
421
595
437
721
482
436
554
506
530
508
446
599
433
430
472
449
638
646
672
524
485
636
578
542
518
564
774
575
620
464
477
443
700
410
803
542
447
499
491
499
433
683
469
489
666
500
1139
509
605
559
638
749
531
547
540
505
475
569
849
631
474
567
556
727
701
586
531
449
566
467
469
552
570
571
551
697
509
571
493
442
512
457
515
557
525
647
477
572
496
576
510
479
550
593
482
484
498
482
479
995
501
535
464
537
618
527
454
838
454
523
534
443
637
496
454
566
465
484
444
457
724
437
517
585
459
446
450
1013
711
436
629
459
526
601
550
564
500
725
690
505
825
479
511
460
612
777
1449
2091
574
510
977
437
566
643
622
497
454
707
531
479
652
454
432
466
635
487
471
567
524
699
589
487
542
464
618
556
585
673
560
596
499
440
413
710
673
577
458
457
442
644
517
438
464
474
440
641
614
553
725
446
622
424
447
1097
510
610
448
709
587
738
607
479
501
541
606
496
641
474
599
538
572
489
559
643
629
583
513
512
572
607
567
743
647
374
729
683
514
743
604
699
582
440
522
455
456
540
643
538
612
494
523
529
674
592
550
641
518
862
586
501
551
454
537
442
448
445
466
549
437
555
458
592
640
480
516
534
561
533
450
604
575
674
457
549
609
1077
576
509
622
499
530
475
543
609
590
557
458
559
456
507
640
452
544
507
534
545
442
520
445
527
586
515
567
476
665
551
523
467
551
566
544
503
598
454
577
477
543
541
612
543
564
617
594
557
567
751
584
630
604
558
473
455
536
470
471
719
551
661
456
559
495
478
476
523
950
703
589
661
941
566
564
635
527
611
834
449
544
452
540
441
526
538
467
541
628
577
554
470
500
573
494
530
538
487
471
613
382
547
568
528
493
543
513
545
531
603
452
444
447
572
519
443
486
555
484
606
496
483
474
547
570
624
474
907
447
543
628
522
455
761
478
544
533
465
654
540
478
1053
577
601
443
585
726
451
449
517
455
431
585
492
553
435
472
554
811
595
477
594
527
456
527
471
552
525
666
511
486
545
472
454
448
795
581
849
512
460
498
454
469
469
603
607
607
514
516
567
742
610
505
514
499
545
459
487
661
2129
484
494
558
778
476
567
456
551
597
671
461
639
876
482
562
1004
445
461
540
535
832
607
502
547
464
542
480
486
450
658
512
447
525
744
568
502
535
458
682
438
513
455
447
577
518
574
465
524
510
613
544
514
540
606
705
705
944
537
682
690
478
611
650
601
570
515
495
557
611
482
703
450
488
517
614
529
505
519
446
510
731
474
600
450
621
463
561
529
561
471
562
858
591
553
541
553
527
600
638
811
539
547
527
541
483
588
1575
625
649
667
543
712
456
506
435
623
528
445
576
564
422
692
615
768
452
581
445
507
513
508
531
627
646
431
459
809
563
702
576
762
716
687
507
1047
568
677
659
562
577
713
604
489
977
440
497
835
470
440
503
474
546
504
475
514
476
549
531
457
558
441
642
505
525
469
541
477
434
529
576
520
508
447
538
492
620
475
507
448
446
532
480
493
450
492
500
582
640
548
617
530
577
589
455
526
429
472
559
467
533
678
499
493
488
600
502
480
485
530
525
632
558
590
459
511
529
528
490
581
537
648
529
595
556
457
628
430
601
523
542
490
431
430
535
533
515
554
536
591
813
476
430
542
426
439
510
447
622
716
438
425
573
437
531
509
533
447
588
520
525
472
586
458
464
604
302
474
503
497
536
522
527
851
449
513
512
456
523
535
510
482
558
475
456
466
507
574
532
465
455
460
467
443
519
304
492
986
461
460
535
486
437
519
453
504
438
452
919
470
463
483
775
736
556
543
594
444
450
587
340
495
473
511
516
542
566
456
549
470
476
518
436
485
512
492
543
487
436
602
443
498
450
513
523
523
571
469
527
792
517
471
520
533
529
616
504
529
481
503
499
499
447
829
545
512
434
455
582
593
541
469
430
449
516
548
438
511
588
445
426
623
522
534
913
471
546
502
424
562
446
549
501
535
455
512
445
552
496
471
431
474
553
424
438
547
539
513
448
619
594
649
660
716
601
456
439
426
501
536
495
448
496
597
645
582
530
452
541
522
456
528
506
638
480
465
447
546
494
433
496
1052
503
467
496
724
541
449
515
516
433
532
582
446
530
558
462
468
512
523
563
503
525
562
458
445
670
518
497
505
465
528
546
476
450
511
535
595
490
441
573
460
598
630
547
442
528
503
476
449
549
479
482
538
511
503
511
572
517
514
443
428
767
504
559
421
595
437
721
482
436
554
506
530
508
446
599
433
430
472
449
638
646
672
524
485
636
578
542
518
564
774
575
620
464
477
443
700
410
803
542
447
499
491
499
433
683
469
489
666
500
1139
509
605
559
638
749
531
547
540
505
475
569
849
631
474
567
556
727
701
586
531
449
566
467
469
552
570
571
551
697
509
571
493
442
512
457
515
557
525
647
477
572
496
576
510
479
550
593
482
484
498
482
479
995
501
535
464
537
618
527
454
838
454
523
534
443
637
496
454
566
465
484
444
457
724
437
517
585
459
446
450
1013
711
436
629
459
526
601
550
564
500
725
690
505
825
479
511
460
612
777
1449
2091
574
510
977
437
566
643
622
497
454
707
531
479
652
454
432
466
635
487
471
567
524
699
589
487
542
464
618
556
585
673
560
596
499
440
413
710
673
577
458
457
442
644
517
438
464
474
440
641
614
553
725
446
622
424
447
1097
510
610
448
709
587
738
607
479
501
541
606
496
641
474
599
538
572
489
559
643
629
583
513
512
572
607
567
743
647
374
729
683
514
743
604
699
582
440
522
455
456
540
643
538
612
494
523
529
674
592
550
641
518
862
586
501
551
454
537
442
448
445
466
549
437
555
458
592
640
480
516
534
561
533
450
604
575
674
457
549
609
1077
576
509
622
499
530
475
543
609
590
557
458
559
456
507
640
452
544
507
534
545
442
520
445
527
586
515
567
476
665
551
523
467
551
566
544
503
598
454
577
477
543
541
612
543
564
617
594
557
567
751
584
630
604
558
473
455
536
470
471
719
551
661
456
559
495
478
476
523
950
703
589
661
941
566
564
635
527
611
834
449
544
452
540
441
526
538
467
541
628
577
554
470
500
573
494
530
538
487
471
613
382
547
568
528
493
543
513
545
531
603
452
444
447
572
519
443
486
555
484
606
496
483
474
547
570
624
474
907
447
543
628
522
455
761
478
544
533
465
654
540
478
1053
577
601
443
585
726
451
449
517
455
431
585
492
553
435
472
554
811
595
477
594
527
456
527
471
552
525
666
511
486
545
472
454
448
795
581
849
512
460
498
454
469
469
603
607
607
514
516
567
742
610
505
514
499
545
459
487
661
2129
484
494
558
778
476
567
456
551
597
671
461
639
876
482
562
1004
445
461
540
535
832
607
502
547
464
542
480
486
450
658
512
447
525
744
568
502
535
458
682
438
513
455
447
577
518
574
465
524
510
613
544
514
540
606
705
705
944
537
682
690
478
611
650
601
570
515
495
557
611
482
703
450
488
517
614
529
505
519
446
510
731
474
600
450
621
463
561
529
561
471
562
858
591
553
541
553
527
600
638
811
539
547
527
541
483
588
1575
625
649
667
543
712
456
506
435
623
528
445
576
564
422
692
615
768
452
581
445
507
513
508
531
627
646
431
459
809
563
702
576
762
716
687
507
1047
568
677
659
562
577
713
604
489
977
440
497
835
470
440
503
474
546
504
475
514
476
549
531
457
558
441
642
505
525
469
541
477
434
529
576
520
508
447
538
492
620
475
507
448
446
532
480
493
450
492
500
582
640
548
617
530
577
589
455
526
429
472
559
467
533
678
499
493
488
600
502
480
485
530
525
632
558
590
459
511
529
528
490
581
537
648
529
595
556
457
628
430
601
523
542
490
431
430
535
533
515
554
536
591
813
476
430
542
426
439
510
447
622
716
438
425
573
437
531
509
533
447
588
520
525
472
586
458
464
604
302
474
503
497
536
522
527
851
449
513
512
456
523
535
510
482
558
475
456
466
507
574
532
465
455
460
467
443
519
304
492
986
461
460
535
486
437
519
453
504
438
452
919
470
463
483
775
736
556
543
594
444
450
587
340
495
473
511
516
542
566
456
549
470
476
518
436
485
512
492
543
487
436
602
443
498
450
513
523
523
571
469
527
792
517
471
520
533
529
616
504
529
481
503
499
499
447
829
545
512
434
455
582
593
541
469
430
449
516
548
438
511
588
445
426
623
522
534
913
471
546
502
424
562
446
549
501
535
455
512
445
552
496
471
431
474
553
424
438
547
539
513
448
619
594
649
660
716
601
456
439
426
501
536
495
448
496
597
645
582
530
452
541
522
456
528
506
638
480
465
447
546
494
433
496
1052
503
467
496
724
541
449
515
516
433
532
582
446
530
558
462
468
512
523
563
503
525
562
458
445
670
518
497
505
465
528
546
476
450
511
535
595
490
441
573
460
598
630
547
442
528
503
476
449
549
479
482
538
511
503
511
572
517
514
443
428
767
504
559
421
595
437
721
482
436
554
506
530
508
446
599
433
430
472
449
638
646
672
524
485
636
578
542
518
564
774
575
620
464
477
443
700
410
803
542
447
499
491
499
433
683
469
489
666
500
1139
509
605
559
638
749
531
547
540
505
475
569
849
631
474
567
556
907
447
515
469
439
631
627
443
510
685
567
476
448
437
483
595
558
478
502
526
569
482
442
485
550
509
485
508
551
502
530
502
489
540
510
427
406
521
505
439
515
416
533
463
412
498
500
516
427
508
540
519
514
493
427
448
544
428
515
515
632
631
635
497
564
420
496
508
434
498
425
422
766
488
466
644
436
938
571
480
514
594
474
489
485
526
588
454
495
465
438
513
477
498
458
529
505
691
486
415
571
620
492
855
513
422
441
570
435
438
414
426
417
443
537
443
491
484
488
494
520
511
522
531
406
422
601
674
604
489
462
487
563
538
502
483
470
469
498
503
483
548
487
437
463
474
529
890
451
494
481
508
454
508
430
430
545
562
1136
414
513
443
420
415
489
410
490
484
897
436
412
419
491
474
557
519
427
607
518
463
438
470
453
505
443
526
675
438
472
476
479
485
435
523
484
473
577
468
532
494
498
475
535
322
466
480
543
440
507
519
622
627
493
511
620
471
537
500
535
492
488
482
496
498
454
437
491
528
648
516
509
466
467
528
503
462
520
422
597
512
563
458
488
428
453
481
423
494
510
484
546
447
511
713
568
652
441
485
435
426
536
425
513
458
504
481
468
507
488
564
424
573
457
651
489
494
436
424
498
784
455
538
445
528
462
584
461
492
469
475
756
472
600
493
596
742
789
496
502
476
494
520
493
486
419
426
487
533
502
417
620
424
467
423
461
411
488
504
449
488
414
500
566
477
524
414
541
428
666
471
593
511
541
520
513
446
438
478
430
525
575
433
713
844
542
422
523
507
514
544
476
458
429
471
418
512
571
513
472
526
548
498
507
420
495
483
460
491
481
432
457
787
559
522
513
628
514
443
476
458
494
511
492
456
443
632
550
537
512
544
535
505
488
585
592
624
540
575
637
591
488
703
459
558
575
552
631
423
546
669
467
466
458
421
488
465
423
414
476
482
452
547
459
581
521
551
548
413
488
687
452
442
460
551
694
515
639
488
556
424
588
414
508
502
488
1008
502
424
554
694
511
484
496
444
459
516
571
510
579
480
487
530
415
416
549
497
494
440
488
425
439
435
594
496
438
440
464
471
514
528
522
565
504
575
420
747
591
449
491
527
459
464
522
710
661
475
556
542
450
507
580
685
788
480
529
447
494
430
503
718
559
494
666
581
670
456
432
420
452
405
414
428
467
453
500
427
568
471
553
433
463
430
536
507
500
508
763
482
435
471
449
499
518
587
895
643
501
506
471
478
507
485
583
465
517
452
543
422
430
535
440
573
485
476
453
491
761
482
489
506
461
476
817
486
497
485
427
431
513
506
437
506
504
497
510
626
420
487
425
442
647
412
534
419
492
506
420
415
489
428
448
533
416
600
438
507
503
474
570
530
447
532
630
538
481
456
453
467
490
524
478
426
917
465
461
415
568
581
525
549
479
409
469
580
531
770
495
466
422
410
556
513
511
484
460
436
487
537
504
475
509
489
486
500
489
428
415
490
486
518
524
448
470
560
470
776
454
709
490
439
521
539
487
467
496
538
523
456
426
415
507
472
488
500
447
566
442
489
417
674
422
474
558
451
513
447
447
485
523
644
411
692
456
406
569
514
418
478
416
447
432
424
435
713
434
427
478
439
419
475
503
473
408
468
643
503
450
477
463
451
427
810
411
417
529
413
447
522
419
546
887
766
612
561
421
437
494
430
589
551
507
484
545
448
414
445
421
498
472
470
441
544
486
433
500
481
630
579
612
488
503
558
443
467
442
437
482
449
539
482
456
431
444
526
542
424
520
431
410
509
520
526
517
464
639
434
504
477
463
421
424
455
671
625
453
457
572
598
425
418
425
432
515
490
620
551
547
430
457
502
555
508
529
425
646
570
537
572
468
430
525
434
552
440
431
434
513
586
433
737
505
515
416
498
421
447
505
423
451
617
432
482
493
495
499
619
510
446
442
581
465
637
518
475
498
452
506
498
492
503
423
471
507
469
444
421
452
533
541
506
478
461
434
537
546
483
467
386
465
613
447
509
511
429
516
481
502
466
474
437
556
583
520
572
418
438
544
431
745
492
460
475
496
432
433
550
461
444
474
499
518
485
456
431
437
502
703
483
484
570
510
537
455
439
525
471
514
506
443
629
493
486
450
449
521
433
537
425
521
516
514
581
436
436
546
447
622
466
636
445
482
449
440
417
516
519
500
512
422
541
552
537
659
497
419
538
415
639
576
414
484
426
447
416
423
450
1000
480
461
466
428
491
489
549
927
476
548
551
490
537
700
533
466
477
548
565
513
485
488
610
574
422
484
440
580
457
448
510
539
559
608
437
502
456
439
539
456
424
479
437
502
520
459
461
452
536
423
420
508
451
446
522
460
532
519
436
457
459
454
434
581
533
531
767
416
640
690
487
585
509
508
492
529
484
550
465
517
470
590
421
518
576
426
413
560
479
405
508
461
447
429
642
510
604
592
716
467
552
490
423
545
541
536
451
506
425
533
617
439
488
480
499
452
490
476
502
557
457
474
489
484
475
542
568
494
548
731
552
540
557
529
534
427
527
522
462
437
607
531
514
569
624
436
521
477
427
528
423
456
495
543
471
443
421
432
501
463
483
570
497
485
587
659
756
606
554
637
475
597
485
1071
432
582
793
978
519
941
651
566
902
554
454
481
572
463
452
723
571
541
516
533
709
422
417
461
439
538
545
544
646
561
530
509
775
518
610
544
600
519
500
479
444
460
463
526
430
701
461
626
528
552
492
528
485
423
613
587
504
485
519
467
702
531
438
499
488
575
3705
617
519
959
720
545
464
513
597
559
481
576
483
485
454
494
450
471
558
541
519
618
495
474
656
510
580
439
432
519
474
496
556
446
441
619
511
552
457
441
541
450
464
632
542
486
502
520
458
568
486
514
581
501
570
453
473
448
342
698
544
496
537
460
477
471
529
507
495
480
445
585
570
871
472
434
507
460
469
554
446
684
691
482
481
446
523
573
454
549
464
475
555
458
560
436
490
448
446
439
441
446
438
435
514
472
485
478
1594
515
472
460
489
438
474
446
546
441
666
542
430
468
528
554
520
438
569
535
551
517
698
441
702
521
683
485
517
513
439
491
450
464
628
805
522
452
519
597
537
456
620
532
564
488
590
568
578
471
516
460
531
488
469
785
540
530
453
463
487
527
522
464
484
492
455
438
521
512
595
467
441
443
443
477
487
625
551
459
470
449
479
664
510
633
570
523
868
529
715
538
487
431
483
452
555
525
562
437
450
441
518
514
462
516
493
532
445
475
506
769
539
519
445
454
462
535
502
510
565
446
580
473
641
469
471
431
622
583
481
523
636
498
490
445
529
492
486
470
557
687
705
485
453
1672
546
472
634
468
486
1883
4599
457
529
534
610
502
420
503
976
465
493
463
570
456
514
465
472
543
494
496
344
450
489
483
517
536
524
480
476
461
453
479
449
460
453
487
475
450
505
455
444
546
480
642
556
532
492
587
720
540
493
477
484
437
445
435
516
513
478
544
436
546
438
647
459
528
512
433
447
448
428
528
431
581
431
505
515
431
1049
471
450
445
453
493
481
450
467
503
433
430
577
471
442
452
580
471
434
442
440
424
413
444
437
429
462
429
815
490
457
426
454
429
426
453
427
437
462
455
512
496
478
570
432
450
502
590
500
462
438
432
465
426
421
436
437
487
472
455
421
576
469
517
984
484
462
497
426
440
591
420
488
427
461
476
447
545
666
503
876
439
427
524
417
644
456
410
420
490
473
901
408
521
435
485
435
420
585
452
445
558
440
433
452
549
533
549
490
532
576
437
442
531
511
446
436
497
474
451
490
506
563
436
418
527
473
419
430
461
435
436
536
423
479
505
499
522
418
438
429
431
486
438
445
418
419
563
481
431
490
490
504
462
464
477
426
513
443
443
482
722
518
439
424
516
456
424
623
459
508
464
429
446
477
574
439
441
428
430
425
429
454
467
502
450
465
690
454
883
463
641
615
541
474
542
460
440
776
435
535
513
637
478
548
595
688
612
668
494
672
497
564
559
535
637
569
483
566
467
518
453
607
684
471
575
549
490
553
552
714
574
478
540
645
725
427
817
618
668
469
614
459
567
599
459
583
527
786
664
540
478
531
417
939
449
498
714
558
483
650
546
531
503
501
501
480
539
641
543
512
489
531
525
480
536
1107
478
464
460
487
534
598
571
424
545
503
500
723
553
568
626
647
576
720
470
491
543
550
527
479
551
576
757
445
575
496
503
624
629
467
693
636
589
598
507
507
519
701
506
439
459
448
541
580
436
490
497
465
791
962
534
484
483
494
549
560
479
532
486
526
533
529
682
567
438
562
482
544
468
492
476
475
765
583
455
583
444
625
561
563
457
593
457
542
538
472
539
470
572
489
595
563
534
475
489
530
443
460
432
564
528
618
524
547
567
514
585
491
748
525
481
795
688
508
460
536
552
699
605
459
451
531
534
528
700
617
623
570
454
537
494
518
468
687
721
479
639
755
474
461
484
483
542
460
546
460
482
631
527
535
436
531
602
500
585
452
532
434
537
546
725
508
495
469
596
468
547
690
679
506
512
584
636
552
489
524
754
650
516
622
500
457
577
534
545
465
517
443
556
567
556
461
573
475
587
583
548
614
494
590
512
559
548
684
531
553
934
558
455
440
444
635
444
549
576
603
650
655
667
544
551
509
524
504
523
580
456
546
595
548
472
592
560
539
557
498
584
588
562
774
541
604
559
647
680
514
649
530
805
605
557
577
574
714
513
557
524
539
600
619
473
750
529
635
497
621
497
457
488
510
783
499
486
480
520
454
606
588
670
537
522
563
695
513
444
533
713
522
507
541
538
516
517
478
461
547
518
545
651
480
576
539
604
434
541
427
648
456
586
561
463
457
500
477
587
556
462
504
489
599
548
459
549
556
452
541
496
586
473
530
411
488
424
580
424
622
447
588
502
521
441
524
439
432
438
436
475
441
460
437
499
691
463
430
537
433
533
503
496
497
424
530
517
734
1115
541
760
543
587
573
538
512
503
549
565
601
517
568
529
494
599
591
483
569
541
621
1135
509
629
572
588
458
596
515
535
572
509
623
428
431
666
669
720
669
503
662
779
676
863
516
615
505
558
461
511
564
548
488
562
507
629
545
659
866
2947
816
418
559
665
473
595
510
560
441
513
513
481
491
549
460
612
551
511
459
603
800
515
550
547
519
522
521
492
487
661
528
449
954
487
590
493
452
480
451
466
538
647
531
515
673
558
651
511
512
471
597
495
549
564
471
863
533
486
743
563
505
643
737
548
665
471
542
2074
502
743
516
568
484
446
519
508
534
562
459
461
458
549
499
586
485
492
480
469
545
567
516
461
491
486
569
460
570
463
499
455
605
491
514
454
1326
510
570
522
507
831
1257
458
503
570
455
447
527
445
448
586
501
461
444
906
583
563
450
511
482
434
437
447
506
432
496
471
553
470
710
486
553
448
721
728
1209
645
508
522
601
715
1153
548
459
502
521
642
647
723
778
628
682
684
474
704
1127
585
526
550
638
595
551
520
539
525
494
556
530
537
652
562
581
660
651
571
586
472
799
508
636
574
477
448
426
2924
430
320
458
488
440
472
499
532
468
495
923
516
493
498
446
450
461
435
492
495
18137
456
444
478
481
456
560
443
456
625
489
475
478
483
447
504
430
433
443
435
470
436
451
490
439
551
502
436
487
466
474
478
499
622
468
443
464
443
485
461
471
469
541
508
447
466
442
459
811
486
432
462
468
475
496
436
500
460
558
527
435
443
558
562
526
492
598
593
567
510
554
536
553
614
772
478
561
476
654
559
965
592
1265
730
650
552
535
1557
440
483
463
481
1077
426
439
436
466
502
431
434
507
435
434
538
443
441
490
507
523
517
516
624
636
463
1184
493
471
499
518
510
462
1479
479
579
578
516
930
536
650
581
608
512
494
541
478
685
575
514
503
555
1118
514
546
500
815
563
511
530
640
507
755
804
920
469
503
487
554
591
516
531
484
609
445
505
927
486
486
627
470
512
607
477
455
471
678
613
581
900
510
490
476
472
444
432
439
471
493
564
475
468
435
437
495
509
502
592
561
475
604
528
499
491
494
489
460
489
529
3247
612
494
470
449
505
425
474
551
524
1655
526
589
473
475
516
534
451
487
502
538
492
484
504
478
492
493
492
490
537
546
636
472
480
482
517
486
461
507
681
633
523
331
486
518
481
483
470
467
590
446
449
479
474
488
617
492
471
569
483
484
491
516
503
530
510
469
477
778
486
535
466
2575
941
1057
465
531
475
534
648
456
549
468
448
512
5789
2326
505
611
511
504
505
472
526
514
997
480
580
598
488
695
503
471
479
430
532
521
540
482
504
487
488
501
495
494
504
473
551
488
461
466
464
427
576
496
523
486
510
555
499
485
477
504
520
551
512
632
601
541
681
719
645
522
581
504
553
583
520
954
571
525
559
565
567
522
493
2152
481
1286
1828
561
519
515
577
955
618
591
556
565
510
533
481
520
523
1854
686
585
481
502
464
582
757
466
528
477
467
469
470
436
486
495
423
465
463
433
553
453
494
549
431
433
540
453
501
488
497
481
548
511
528
475
491
534
510
509
737
464
482
523
490
552
1022
479
486
474
541
497
549
589
545
801
472
483
512
502
626
478
542
528
480
453
499
522
743
508
535
484
583
497
605
543
524
538
723
605
527
486
570
527
538
570
550
564
546
487
493
510
456
490
576
671
452
478
466
551
571
483
436
437
646
726
562
516
536
787
428
530
478
617
468
460
436
559
551
444
513
520
445
442
485
498
636
501
498
512
964
596
570
560
590
776
598
597
692
739
675
860
718
557
622
758
665
674
619
602
555
645
547
666
547
687
649
558
569
524
534
631
622
670
534
638
638
712
654
669
579
685
571
559
660
591
585
596
632
749
556
765
630
621
1163
797
1237
631
809
665
602
657
656
655
649
748
767
633
634
634
533
600
8803
525
621
635
626
535
545
610
583
595
622
591
596
549
866
744
702
665
533
790
699
707
541
828
687
713
1029
589
725
575
594
909
907
612
538
630
531
700
568
1561
555
622
1192
552
545
561
1519
580
549
583
558
727
729
559
545
625
530
557
571
621
531
794
540
677
971
731
658
686
594
680
523
714
774
652
584
567
928
761
695
545
530
755
702
687
647
555
695
652
661
599
738
561
636
642
613
829
623
719
956
647
744
758
900
672
791
1103
951
633
658
616
548
659
608
653
680
695
808
600
773
677
721
689
561
913
640
657
602
792
715
745
671
550
595
643
974
602
690
851
804
616
740
1046
724
685
737
687
706
713
694
632
624
3967
622
936
662
649
607
562
585
605
632
643
590
604
545
673
669
887
615
801
2841
542
620
649
627
527
546
538
586
553
564
594
529
637
686
568
543
536
623
669
592
557
642
809
575
538
673
534
536
643
538
664
619
658
655
653
538
615
541
688
637
553
534
550
596
616
635
682
726
700
517
563
577
666
619
614
608
545
703
634
704
693
576
593
608
523
553
755
606
870
722
537
791
641
691
616
634
637
865
553
790
654
616
611
638
668
598
659
690
619
590
637
569
694
608
740
753
679
531
670
689
592
601
681
656
607
633
891
814
667
585
627
702
960
647
568
755
595
560
833
630
724
614
606
556
606
643
867
596
825
738
564
551
626
562
660
576
552
691
550
603
848
777
1106
628
659
875
659
553
740
558
648
564
585
559
624
637
646
673
585
786
706
594
645
561
624
1092
737
630
639
560
551
640
665
672
759
763
612
576
679
579
758
685
596
711
609
642
910
700
599
654
597
671
747
711
550
540
704
954
802
583
861
656
555
768
616
805
694
623
732
655
548
875
687
559
568
875
912
840
919
769
623
689
644
760
744
749
571
610
747
616
738
669
650
651
601
597
667
615
682
749
643
645
573
643
633
642
687
656
652
541
683
737
583
692
673
553
579
667
557
550
3782
594
658
546
631
642
650
882
558
552
668
666
635
671
581
719
769
636
653
644
600
641
710
682
680
566
542
676
820
872
921
729
550
906
731
758
674
649
706
677
597
640
577
638
536
693
1097
671
1087
567
579
570
563
765
649
564
631
568
543
547
537
632
678
754
716
878
791
554
657
683
566
679
548
550
635
584
603
599
556
777
1284
714
629
760
835
669
923
613
844
536
628
647
572
959
5627
622
788
532
535
629
573
765
601
905
661
644
566
583
599
579
552
607
599
579
578
640
596
619
656
632
739
557
533
666
642
556
581
634
653
628
600
642
642
536
714
555
1003
971
683
638
628
605
629
546
542
531
698
601
528
676
616
643
529
517
615
903
603
607
597
646
742
780
734
610
734
874
654
623
687
613
548
730
534
514
885
795
557
780
531
531
639
571
635
807
576
578
535
705
648
636
609
800
570
681
617
624
891
642
637
629
606
587
628
622
662
557
687
697
672
575
787
599
703
920
713
565
670
637
614
703
623
603
649
599
574
619
647
595
741
667
670
632
640
610
573
551
656
583
661
556
658
697
734
733
676
583
615
674
624
538
547
617
654
608
640
602
558
645
583
986
706
657
657
557
733
603
673
643
570
725
872
647
580
562
530
612
627
598
595
593
565
648
570
759
721
603
595
950
684
622
619
622
688
635
570
583
627
617
722
1656
756
602
633
563
582
706
760
613
710
724
751
626
619
726
592
838
794
942
1190
1157
818
643
719
667
802
702
652
971
583
662
613
661
604
577
569
604
721
654
573
740
1006
648
1376
556
665
651
651
701
553
685
384
681
927
646
648
696
614
562
730
612
668
747
666
572
643
682
709
571
681
885
596
663
650
724
601
879
625
3433
528
547
549
788
640
744
615
980
802
759
646
9828
720
747
785
566
697
593
853
618
692
959
667
822
877
734
841
695
658
680
693
1053
652
576
566
570
693
710
680
633
702
746
613
574
854
656
566
669
704
859
702
712
614
688
746
576
571
607
591
616
607
1156
657
577
775
579
628
573
816
591
557
668
662
683
652
648
616
522
586
759
580
556
892
616
612
582
1066
758
664
643
670
549
580
1482
650
682
640
1801
667
629
673
627
757
592
569
681
706
556
652
567
725
655
986
656
7860
622
711
557
964
596
570
560
590
776
598
597
692
739
675
860
718
557
622
758
665
674
619
602
555
645
547
666
547
687
649
558
569
524
534
631
622
670
534
638
638
712
654
669
579
685
571
559
660
591
585
596
632
749
556
765
630
621
1163
797
1237
631
809
665
602
657
656
655
649
748
767
633
634
634
533
600
8803
525
621
635
626
535
545
610
583
595
622
591
596
549
866
744
702
665
533
790
699
707
541
828
687
713
1029
589
725
575
594
909
907
612
538
630
531
700
568
1561
555
622
1192
552
545
561
1519
580
549
583
558
727
729
559
545
625
530
557
571
621
531
794
540
677
971
731
658
686
594
680
523
714
774
652
584
567
928
761
695
545
530
755
702
687
647
555
695
652
661
599
738
561
636
642
613
829
623
719
956
647
744
758
900
672
791
1103
951
633
658
616
548
659
608
653
680
695
808
600
773
677
721
689
561
913
640
657
602
792
715
745
671
550
595
643
974
602
690
851
804
616
740
1046
724
685
737
687
706
713
694
632
624
3967
622
936
662
649
607
562
585
605
632
643
590
604
545
673
669
887
615
801
2841
542
620
649
627
527
546
538
586
553
564
594
529
637
686
568
543
536
623
669
592
557
642
809
575
538
673
534
536
643
538
664
619
658
655
653
538
615
541
688
637
553
534
550
596
616
635
682
726
700
517
563
577
666
619
614
608
545
703
634
704
693
576
593
608
523
553
755
606
870
722
537
791
641
691
616
634
637
865
553
790
654
616
611
638
668
598
659
690
619
590
637
569
694
608
740
753
679
531
670
689
592
601
681
656
607
633
891
814
667
585
627
702
960
647
568
755
595
560
833
630
724
614
606
556
606
643
867
596
825
738
564
551
626
562
660
576
552
691
550
603
848
777
1106
628
659
875
659
553
740
558
648
564
585
559
624
637
646
673
585
786
706
594
645
561
624
1092
737
630
639
560
551
640
665
672
759
763
612
576
679
579
758
685
596
711
609
642
910
700
599
654
597
671
747
711
550
540
704
954
802
583
861
656
555
768
616
805
694
623
732
655
548
875
687
559
568
875
912
840
919
769
623
689
644
760
744
749
571
610
747
616
738
669
650
651
601
597
667
615
682
749
643
645
573
643
633
642
687
656
652
541
683
737
583
692
673
553
579
667
557
550
3782
594
658
546
631
642
650
882
558
552
668
666
635
671
581
719
769
636
653
644
600
641
710
682
680
566
542
676
820
872
921
729
550
906
731
758
674
649
706
677
597
640
577
638
536
693
1097
671
1087
567
579
570
563
765
649
564
631
568
543
547
537
632
678
754
716
878
791
554
657
683
566
679
548
550
635
584
603
599
556
777
1284
714
629
760
835
669
923
613
844
536
628
647
572
959
5627
622
788
532
535
629
573
765
601
905
661
644
566
583
599
579
552
607
599
579
578
640
596
619
656
632
739
557
533
666
642
556
581
634
653
628
600
642
642
536
714
555
1003
971
683
638
628
605
629
546
542
531
698
601
528
676
616
643
529
517
615
903
603
607
597
646
742
780
734
610
734
874
654
623
687
613
548
730
534
514
885
795
557
780
531
531
639
571
635
807
576
578
535
705
648
636
609
800
570
681
617
624
891
642
637
629
606
587
628
622
662
557
687
697
672
575
787
599
703
920
713
565
670
637
614
703
623
603
649
599
574
619
647
595
741
667
670
632
640
610
573
551
656
583
661
556
658
697
734
733
676
583
615
674
624
538
547
617
654
608
640
602
558
645
583
986
706
657
657
557
733
603
673
643
570
725
872
647
580
562
530
612
627
598
595
593
565
648
570
759
721
603
595
950
684
622
619
622
688
635
570
583
627
617
722
1656
756
602
633
563
582
706
760
613
710
724
751
626
619
726
592
838
794
942
1190
1157
818
643
719
667
802
702
652
971
583
662
613
661
604
577
569
604
721
654
573
740
1006
648
1376
556
665
651
651
701
553
685
384
681
927
646
648
696
614
562
730
612
668
747
666
572
643
682
709
571
681
885
596
663
650
724
601
879
625
3433
528
547
549
788
640
744
615
980
802
759
646
9828
720
747
785
566
697
593
853
618
692
959
667
822
877
734
841
695
658
680
693
1053
652
576
566
570
693
710
680
633
702
746
613
574
854
656
566
669
704
859
702
712
614
688
746
576
571
607
591
616
607
1156
657
577
775
579
628
573
816
591
557
668
662
683
652
648
616
522
586
759
580
556
892
616
612
582
1066
758
664
643
670
549
580
1482
650
682
640
1801
667
629
673
627
757
592
569
681
706
556
652
567
725
655
986
656
7860
622
711
557
987
565
665
624
592
713
698
643
636
959
640
594
650
915
971
922
3589
659
589
664
565
579
922
648
683
697
620
746
645
715
619
700
669
712
833
619
771
654
610
678
882
1254
716
1153
740
649
603
714
818
598
705
587
432
583
785
895
934
566
873
614
673
628
649
644
586
692
676
599
589
780
603
708
589
662
649
1045
612
708
804
1215
599
612
616
377
684
695
758
666
700
874
704
632
638
1325
3458
5482
1329
719
779
671
696
706
896
607
729
627
641
591
569
720
721
672
834
647
657
1102
608
637
1758
687
633
721
590
956
576
719
618
608
621
681
586
667
754
611
658
783
598
723
798
908
651
1402
727
1247
381
625
1838
686
799
784
959
644
1246
640
763
602
644
679
619
1326
698
717
689
607
707
663
932
685
620
616
757
755
619
645
1378
646
697
620
628
826
810
1074
580
668
591
578
739
638
668
576
613
704
553
683
707
768
699
543
694
531
715
614
669
620
538
537
547
626
567
542
632
532
542
584
569
553
564
614
801
606
634
592
539
558
647
655
823
887
682
570
561
562
614
689
760
697
702
561
595
627
558
644
628
725
623
601
1044
740
598
598
704
635
709
620
655
1117
632
786
1092
419
617
613
796
606
644
768
666
2667
618
576
678
604
1050
699
673
706
671
757
571
627
609
556
934
713
571
6576
614
842
670
692
564
621
651
530
546
661
602
597
727
630
568
636
433
605
579
595
520
578
652
546
585
637
611
594
570
602
655
583
609
768
740
537
980
614
639
663
622
589
622
633
617
615
586
677
641
666
602
643
686
680
654
671
546
650
594
565
564
624
759
753
724
660
612
595
709
558
622
628
646
579
581
587
578
699
618
701
644
620
627
582
662
959
617
665
581
1127
614
759
746
902
624
621
641
545
649
660
638
686
603
677
623
573
703
919
1636
642
624
1002
783
668
614
772
594
580
778
977
727
756
684
618
686
730
684
700
813
660
1556
678
765
638
744
575
780
793
783
1582
674
715
718
713
807
706
488
730
541
790
623
771
908
793
900
748
844
721
740
997
447
864
589
633
624
780
641
629
596
622
669
624
579
551
657
683
771
803
728
541
639
567
594
656
608
574
600
634
673
580
555
554
602
598
763
607
674
674
716
587
611
701
574
784
692
670
622
700
705
968
1185
1690
7017
697
612
615
702
604
539
662
558
678
622
575
570
633
630
560
642
586
557
615
768
622
725
609
584
676
837
673
713
574
916
604
791
665
731
573
882
679
691
585
577
1541
790
871
717
630
710
599
858
538
769
598
568
634
565
585
680
808
629
612
691
596
562
630
612
599
705
1051
715
649
366
646
588
607
637
628
592
676
678
659
609
550
648
549
573
748
653
607
669
750
673
749
652
681
579
859
692
650
557
608
620
655
681
525
637
534
602
614
604
552
670
606
626
510
571
621
596
581
599
588
772
549
782
602
678
593
582
621
667
643
659
691
646
650
735
585
704
1015
797
572
588
619
619
638
712
640
703
758
740
705
533
552
719
528
630
927
593
699
670
612
745
566
602
622
661
656
779
623
621
646
594
638
570
554
745
531
550
892
679
605
747
775
565
590
733
589
624
573
753
702
628
649
561
624
604
543
549
2855
577
678
665
681
654
785
849
653
572
802
699
1350
753
656
751
563
671
567
583
673
540
832
989
721
668
670
1009
829
686
682
812
447
679
731
685
569
915
732
894
1035
871
788
827
601
629
654
593
703
604
679
600
2228
839
2520
616
592
687
570
1072
825
662
804
780
647
804
686
657
678
627
3548
2900
716
689
564
665
686
612
669
630
660
697
712
649
644
647
658
848
708
1001
665
1110
777
605
576
775
675
654
782
600
602
591
704
633
654
752
747
638
698
629
583
652
812
694
735
629
551
560
623
663
745
782
1642
569
779
608
761
679
703
595
596
582
808
640
618
600
650
746
653
873
661
580
579
735
584
736
551
559
673
704
538
717
655
711
766
554
573
612
655
565
616
619
611
560
625
765
556
591
633
553
647
690
586
641
923
644
1512
634
904
876
924
1310
591
599
636
716
725
668
963
670
658
551
629
682
660
766
715
560
637
625
785
737
771
880
811
789
548
610
712
540
829
1046
716
908
741
722
557
729
704
643
639
671
700
650
655
649
927
869
1093
803
524
524
683
570
577
536
682
659
561
633
537
547
696
635
624
682
670
551
540
538
549
544
535
582
573
673
643
656
937
571
590
573
662
579
630
630
587
654
1071
567
598
723
560
540
748
577
685
608
672
803
795
637
796
711
704
611
646
655
1747
558
663
660
680
589
637
569
650
585
770
617
560
594
701
609
695
761
556
604
766
579
693
774
578
609
697
1307
561
651
634
645
792
629
498
751
696
655
669
872
674
610
751
832
800
641
668
636
652
743
758
670
783
658
730
643
839
779
651
656
828
589
830
719
610
686
714
637
716
830
587
711
873
859
726
987
875
775
618
827
632
655
1323
754
687
710
614
757
691
675
693
2855
656
685
702
680
701
705
608
739
648
601
633
679
617
837
582
645
681
611
576
664
644
615
762
634
573
709
1345
806
735
849
895
675
607
938
728
750
627
678
679
695
633
786
822
1057
819
615
665
839
737
843
741
719
694
726
827
595
611
755
620
660
756
615
594
586
575
1158
681
678
733
492
627
697
1385
636
517
704
868
619
549
689
562
630
659
651
594
566
775
633
740
685
635
727
666
852
715
634
763
712
703
648
616
1143
581
672
675
737
594
675
540
607
754
557
974
582
714
722
701
539
571
576
613
644
653
908
704
579
661
728
679
584
577
659
678
699
721
713
898
772
634
588
715
1299
925
790
714
571
647
2356
579
560
628
649
729
2117
848
749
582
554
573
583
552
722
650
660
632
597
577
673
683
1337
639
807
997
593
641
639
1147
963
746
807
1076
719
937
803
636
1458
1034
713
685
716
736
802
675
738
729
1083
424
2852
2609
573
574
557
584
580
585
828
628
682
822
958
627
762
754
704
776
592
777
638
585
649
956
659
548
605
1113
679
810
2723
3047
3938
897
841
626
683
693
577
590
612
582
663
664
590
600
852
676
572
574
689
680
749
550
676
798
685
1092
791
733
552
618
1257
715
654
609
659
679
685
536
650
615
805
652
680
611
633
1119
626
630
732
842
775
2608
546
683
806
714
671
709
1073
1154
607
747
686
724
718
675
825
602
743
700
748
645
667
613
650
730
603
592
819
590
656
607
600
717
764
670
954
754
776
725
859
1180
871
767
667
681
768
582
619
620
730
561
644
804
637
693
668
712
690
802
673
662
612
638
607
597
628
627
630
683
644
612
1114
766
665
614
618
642
749
721
668
572
785
557
770
657
763
667
992
663
599
730
622
580
672
566
7746
861
889
1397
567
3890
634
585
590
591
681
569
725
553
595
759
717
1023
878
657
641
824
565
751
650
666
761
549
623
684
4598
792
999
749
611
741
643
606
827
698
718
720
591
754
1097
5551
586
902
705
593
629
734
658
720
640
649
1508
692
1012
723
715
572
698
633
563
899
1118
1104
593
615
612
574
2915
600
583
627
682
716
611
647
883
819
648
638
597
555
617
538
578
580
687
619
675
561
567
730
609
662
735
604
599
663
656
575
560
647
602
627
553
580
656
770
727
869
696
703
665
916
595
847
672
704
959
895
637
906
405
835
608
574
725
814
770
581
902
740
621
562
571
972
730
668
617
667
582
582
729
711
653
1037
648
567
666
611
825
754
630
629
537
602
731
779
945
653
570
560
704
540
627
628
593
679
632
618
654
586
700
593
743
566
698
639
945
670
660
568
718
866
884
864
872
703
948
772
908
822
904
1078
608
860
810
719
602
635
810
585
618
928
839
622
641
673
678
706
1007
671
800
702
653
655
680
810
804
825
737
3155
795
1392
855
930
615
604
679
584
630
588
777
590
602
623
794
715
579
1802
765
569
710
623
607
754
726
790
559
795
581
556
959
689
602
569
661
689
638
552
618
782
1160
597
651
643
665
799
663
2185
720
829
605
628
695
980
776
757
663
637
651
614
667
530
540
697
645
1050
598
572
653
684
710
560
678
580
537
540
560
593
639
951
661
965
1076
611
671
679
654
760
632
863
568
670
667
608
629
534
530
671
675
1116
825
746
668
630
568
585
792
537
627
671
756
1694
688
561
664
593
581
637
677
698
739
815
645
562
728
644
894
596
691
752
651
648
562
654
641
906
1080
936
684
732
589
714
622
696
639
712
603
969
2748
725
761
709
1108
614
633
556
612
532
656
533
650
704
823
557
1012
691
712
697
542
807
825
543
561
654
655
656
597
672
905
706
651
596
579
636
850
699
601
3672
660
1705
655
1275
627
712
676
622
620
564
610
613
678
620
607
919
690
776
681
567
666
622
571
855
658
654
2378
653
721
793
721
846
1038
770
758
962
683
712
960
796
676
848
878
635
852
637
661
902
690
591
660
596
631
594
790
652
786
670
662
701
696
600
1168
673
2625
4697
612
772
718
607
607
542
667
594
737
655
655
631
642
703
800
668
656
566
1061
635
555
683
719
678
607
970
870
762
649
820
1056
776
632
850
650
583
583
1373
593
743
582
604
719
686
651
776
634
619
842
802
861
538
567
1008
793
758
623
536
641
769
901
627
1376
681
669
636
660
608
1279
687
555
682
683
1662
641
704
629
658
763
828
663
632
841
797
688
610
601
637
813
782
670
595
874
651
902
749
737
653
731
635
587
785
845
720
677
909
745
571
773
655
639
912
962
587
597
687
652
647
2067
744
645
822
597
623
613
1151
671
711
718
697
660
652
663
630
702
1517
647
701
868
647
635
763
611
595
697
625
641
779
765
706
676
717
732
648
1253
574
618
677
696
665
737
925
647
1105
652
4441
649
548
753
584
774
734
746
708
661
612
651
650
704
601
589
674
651
637
707
753
642
564
672
670
575
645
9006
580
575
703
566
577
788
633
593
593
632
640
889
634
600
635
761
344
574
643
663
908
891
756
676
827
590
723
644
744
781
699
603
801
660
679
583
787
1532
775
646
604
629
670
766
866
691
613
989
647
729
825
609
631
592
550
602
549
927
614
534
730
863
686
682
660
568
814
633
650
620
650
777
620
615
677
676
728
535
648
567
604
912
590
996
606
752
635
553
665
902
616
541
574
549
544
552
972
603
644
604
579
621
586
697
574
635
625
647
532
842
949
601
646
626
671
580
564
592
685
615
574
533
581
713
654
615
757
1453
914
693
705
663
771
622
687
607
620
893
744
639
726
676
701
707
762
637
678
701
1450
553
608
656
675
627
589
666
673
638
624
651
619
555
588
638
685
618
679
654
665
616
747
601
582
553
619
702
665
635
714
565
644
823
854
678
703
625
649
658
704
603
658
577
715
527
723
570
787
646
684
672
517
670
870
556
759
587
670
1361
646
533
567
724
674
583
599
733
659
614
650
578
600
728
595
559
823
576
619
578
621
677
993
848
733
909
724
968
640
929
713
756
740
674
664
631
674
776
697
594
888
904
677
1129
861
1401
662
673
1105
569
645
569
849
611
727
630
643
771
747
847
696
870
736
753
549
641
726
638
569
816
679
653
1039
596
649
545
818
565
663
1674
617
528
646
555
551
672
575
727
669
832
770
797
780
732
698
698
710
1131
923
565
525
671
705
604
636
866
771
1015
794
678
654
833
597
628
759
779
652
896
742
775
650
708
588
589
803
754
673
815
766
884
768
712
742
732
639
656
685
655
715
689
677
732
652
841
4696
802
781
639
684
677
849
842
581
704
985
701
679
910
1089
4198
868
3672
721
648
632
547
703
673
612
709
867
659
755
590
572
592
670
664
881
552
747
1244
799
600
745
651
711
1059
569
656
664
669
941
673
895
569
594
650
809
639
598
712
729
708
620
822
3141
3058
675
1262
622
582
805
570
552
658
623
668
615
635
605
657
688
684
684
1907
609
605
673
636
669
614
594
602
598
598
645
629
655
670
578
585
668
622
556
636
617
629
605
768
647
726
731
769
783
593
632
788
633
711
663
783
621
622
939
897
639
777
679
831
774
601
888
588
594
682
680
710
559
654
643
844
610
559
667
567
742
587
766
731
798
557
557
560
800
1719
765
743
740
813
614
636
1021
732
610
618
649
1202
666
596
758
765
617
578
575
643
717
585
601
666
710
980
571
635
774
652
686
728
1050
682
654
633
563
806
635
656
632
552
581
653
601
722
772
533
541
558
828
569
647
579
1569
576
718
607
651
700
1162
605
795
604
715
656
589
610
689
583
821
806
670
633
632
587
695
763
766
647
682
753
657
852
1689
698
573
582
707
642
637
654
790
672
644
577
580
530
596
626
737
673
623
705
850
570
685
691
741
536
573
548
613
624
925
634
537
755
732
707
633
627
721
875
692
745
632
757
721
691
622
800
686
687
706
572
688
749
639
618
605
871
668
625
619
2154
855
657
1022
779
3706
635
679
615
624
557
651
1128
802
681
1703
3464
534
531
774
643
643
760
555
691
625
613
812
693
642
837
664
729
2057
834
645
750
585
699
681
685
572
543
625
579
608
689
823
682
746
576
615
633
754
712
1696
619
669
1253
745
560
634
590
605
642
670
536
716
628
574
885
994
773
597
669
619
735
812
636
665
585
875
656
592
766
744
672
663
614
590
592
673
6665
1348
676
737
828
1146
569
698
722
926
2778
1512
4240
815
651
704
835
845
575
621
1026
899
755
607
619
839
545
571
663
617
1623
890
792
645
654
687
685
574
544
520
745
661
955
701
573
580
639
657
584
625
884
812
608
723
686
583
640
601
695
577
649
715
854
691
753
1251
709
1341
844
765
805
786
1055
834
671
826
731
655
611
715
579
645
633
573
585
685
723
644
2991
1745
744
693
732
692
1103
683
880
800
689
781
727
685
774
5058
600
559
728
747
837
858
561
666
712
631
807
642
592
755
527
552
895
711
590
712
636
517
664
793
742
616
558
539
586
725
